Trio.Num	Num.pcs.MRPC	Per.var.MRPC	Num.pcs.GMAC	Per.var.GMAC	Med.pvalue.MRPC	Med.coef.MRPC	Med.pvalue.GMAC	Med.coef.GMAC	STM.med.p	STM.med.coef	STM.perm.p	LTM.med.p	LTM.med.coef	LTM.perm.p	Perm.p.MRPC	STM.dim.diff	LTM.dim.diff	Med.type	ADDIS.inf.Class	Perm.p.GMAC	cis.gene	trans.gene	snp	Tissue	TGM.p
17	3	1.8465	25	13.7556	0.241812012082596	-0.00041627977499167	0.00417423903551665	-0.000158541586802284	0.00380780942442263	-0.000407519694104035	0.002	0.00232413024232561	-0.000444965050091018	0	0.222	18	17	Both	M3	0.00229309558451152	ENSG00000179344	ENSG00000178105	chr6_32666407_A_G_b38	WholeBlood	0.270579454000889
125	0	0	14	7.3129	0.019693694920816	-0.430489137036311	0.00140117672557223	-0.311255485706305	0.000525534486856831	-0.464691874042179	0	0.0468011668946007	-0.269492734525494	0.03	0.018	13	1	Both	M3	0.00588547568440911	ENSG00000138031	ENSG00000137267	chr2_24874203_G_C_b38	WholeBlood	0.0191522406830216
133	0	0	25	14.4644	1.03246373995051e-05	-0.139913040727923	7.21539448986323e-08	-0.112296691788907	4.83904351608231e-07	-0.141603986462053	0	6.53645536636985e-08	-0.138846995267501	0	0	24	7	Both	M3	4.57208182425006e-09	ENSG00000260075	ENSG00000266918	chr17_46550855_T_G_b38	WholeBlood	0.000228795051880986
135	0	0	21	10.3287	0.0519411164162266	0.00333175891048366	0.000944610850564893	0.00181960990095777	1.35731499778133e-05	0.0046199992729747	0	0.037105928616104	0.00208263079791201	0.012	0.09	20	17	Both	M3	0.0051164941236852	ENSG00000026297	ENSG00000251634	chr6_166970262_C_T_b38	WholeBlood	0.117787746859441
151	3	1.4072	21	11.6343	0.193773477217943	0.0445678533728422	0.00120357638086633	0.0174969258725604	0.00490205526391925	0.0405260902260516	0.004	0.000444528069887298	0.0481257383366809	0	0.228	13	14	Both	M3	0.00184787846063128	ENSG00000100197	ENSG00000270917	chr22_42142093_C_T_b38	WholeBlood	0.0988694816018962
163	1	0.7903	33	18.1048	0.000310826782277047	-0.19256168232048	0.00241057417367425	-0.222938722848179	0.264884415427498	-0.0702775316527363	0.182	0.00200083054530582	-0.196312123274404	0	0	26	13	Both	M3	0.00248939891120337	ENSG00000123610	ENSG00000224397	chr2_151290158_G_T_b38	WholeBlood	0.00463647108927293
175	0	0	29	13.6245	0.0817566971332895	0.73605796972545	0.00182315043286498	0.382557517227875	0.00228856324028043	0.715462051668397	0	0.00375940586137001	0.677607793947421	0	0.1	25	6	Both	M3	0.00145176455378637	ENSG00000147813	ENSG00000225972	chr8_143594692_C_T_b38	WholeBlood	0.347098536905332
197	0	0	24	11.492	0.0526378204439059	0.407065770366282	0.000276574422094282	0.190681850950681	2.88877570596551e-05	0.448722545355841	0	0.00746723076035229	0.298415460809863	0	0.06	22	18	Both	M3	6.8951178227028e-05	ENSG00000149591	ENSG00000230202	chr11_117199831_TGAG_T_b38	WholeBlood	0.236779499213912
210	3	2.1621	34	18.4034	0.0830451126828863	1.09726505465168	2.83680972947075e-08	0.302143768651528	2.47510052166797e-05	0.823849391630422	0	1.0533150816003e-08	1.12067131520381	0	0.524	18	5	Both	M3	0.00218716323757984	ENSG00000130731	ENSG00000159335	chr16_636337_G_A_b38	WholeBlood	0.0149531396388753
235	2	1.7049	25	15.3342	0.241900810252571	-0.0619501990791182	0.00366745082641292	-0.0197699807013891	0.00133835897317079	-0.0729955380224419	0	0.063191938701884	-0.0393116250885942	0.018	0.212	25	4	Both	M3	0.00295257874105137	ENSG00000223496	ENSG00000140839	chr16_70251998_A_G_b38	WholeBlood	0.357277171706998
236	0	0	27	13.9976	0.0955522596150943	-6.19421244930598e-05	0.00144993784647728	-2.94423632793042e-05	0.00076592199941787	-6.41360647421602e-05	0	0.00642327234840813	-5.23076066501022e-05	0	0.06	24	6	Both	M3	0.000715269090248771	ENSG00000244482	ENSG00000233537	chr19_54226640_C_T_b38	WholeBlood	0.763350099841
319	2	1.6534	32	16.4822	0.000526311966350936	-0.0334278025419151	2.02108381442179e-06	-0.0238933071785541	0.000218898136261321	-0.0259946297284756	0	5.37013997268162e-07	-0.0351305981610308	0	0	23	16	Both	M3	1.40587377650547e-06	ENSG00000276550	ENSG00000180229	chr15_22590507_T_C_b38	WholeBlood	0.000336061263570571
342	1	0.1089	24	10.476	1.79472314304544e-05	0.831959162326833	4.86424429920069e-05	0.860187923252488	0.000121365207746265	0.750191116048951	0	0.000235499133747685	0.766881862923842	0	0.008	20	18	Both	M3	2.14195374008685e-05	ENSG00000160213	ENSG00000225972	chr21_43781951_G_A_b38	WholeBlood	4.67565326754911e-10
343	0	0	30	14.5193	0.0256159770432792	-0.260062668084034	1.6406416991558e-06	-0.115054045251884	6.13715402928196e-08	-0.298964521273217	0	1.55789460607224e-08	-0.301785669249515	0	0.048	22	6	Both	M3	0.000187031819864458	ENSG00000112299	ENSG00000225972	chr6_132714186_A_C_b38	WholeBlood	0.447396941394041
356	0	0	29	12.2362	0.00657066768757867	-0.767533816448714	0.00259228733474366	-0.621525567402491	8.90339732914977e-05	-0.995663417789689	0	0.0204866157425121	-0.594581087894747	0.002	0.004	23	16	Both	M3	0.00219083521529662	ENSG00000162704	ENSG00000225972	chr1_183635770_A_G_b38	WholeBlood	0.0855412782465854
366	1	0.2712	25	13.2063	0.011733202897721	0.00884005129447085	0.000186014290539546	0.00539065841684807	0.000293490861255134	0.00928763754843241	0	9.85263089445635e-05	0.00930252930972234	0	0.046	22	12	Both	M3	0.00117517066983686	ENSG00000274767	ENSG00000202150	chr17_36181152_G_T_b38	WholeBlood	0.0433942351144486
383	0	0	24	14.7875	0.0797869302242639	-34.6259725824716	0.0026566785132967	-16.8060910980396	0.0112178771793241	-29.7504289405072	0	0.00216894711253946	-35.0983995030576	0	0.058	24	3	Both	M3	0.000704136647031728	ENSG00000274627	ENSG00000215030	chr16_89521171_C_T_b38	WholeBlood	0.0136355843193112
501	2	1.4844	20	11.9159	0.00527307801992384	-0.0988602412908919	0.00120349629201924	-0.0806009395261533	0.000191247385883738	-0.112068310339571	0	0.00168821244782259	-0.0954416732138951	0	0.004	20	14	Both	M3	0.00132131469916907	ENSG00000160226	ENSG00000259448	chr21_44339472_T_C_b38	WholeBlood	0.347076168376508
628	0	0	35	18.7721	6.21738083325043e-05	-0.663399287754968	2.63470369939761e-05	-0.505768042950504	3.07055673689447e-05	-0.626058253080579	0	0.00035177864360597	-0.565154086695608	0	0	30	18	Both	M3	2.96702100681667e-05	ENSG00000148484	ENSG00000100034	chr10_16822328_T_G_b38	WholeBlood	0.000195257457260346
644	2	1.1838	23	14.8351	0.224150562430367	6.43464395222492e-05	0.00277489042550773	2.39887586397479e-05	0.0177226412903577	5.04955041696617e-05	0.008	0.0608718337215194	3.99756429315238e-05	0.008	0.29	18	1	Both	M3	0.00173154137220233	ENSG00000274173	ENSG00000225087	chr20_24943437_G_A_b38	WholeBlood	0.401353282993792
701	2	1.7846	25	14.9961	0.304341221101141	0.0253255077251433	0.00400429190652558	0.00934707014605514	0.551826795631108	0.00525923347021651	0.556	0.00424570271732594	0.0245053828473929	0	0.254	15	3	Both	M3	0.00262630266305486	ENSG00000198563	ENSG00000175806	chr6_31525395_G_A_b38	WholeBlood	0.547488879260991
718	1	0.7903	30	15.4113	0.0532060112850935	-54.0972792436867	0.000360175720861166	-25.5732179148545	3.08444451634865e-05	-63.2613544963672	0	9.59703483869731e-05	-58.6191901741637	0	0.062	26	5	Both	M3	0.00076094993109721	ENSG00000110237	ENSG00000225972	chr11_73301274_T_G_b38	WholeBlood	0.1480245747052
782	0	0	23	12.0632	3.18588480352944e-09	0.760290507046981	5.78453162406751e-07	0.847913218284433	2.73067628609032e-07	0.805061799928646	0	3.24718816236609e-05	0.629270979959208	0	0	23	15	Both	M3	4.85817102102715e-08	ENSG00000176681	ENSG00000265218	chr17_46494702_A_G_b38	WholeBlood	7.68485800126495e-09
788	2	1.4945	28	12.4782	0.476960481263715	0.264680057428321	0.00678302298678502	0.065430464777501	0.0102053610490153	0.254977280869152	0.002	0.000640614941035275	0.330744657912507	0	0.264	22	6	Both	M3	0.00117802876108031	ENSG00000169230	ENSG00000225972	chr5_177308186_G_T_b38	WholeBlood	0.260927716679667
796	0	0	25	11.8777	0.00269755822394619	-0.386994385788415	0.00204301360628533	-0.377771451110769	0.00288237028214348	-0.367747622653963	0.002	1.9153396254183e-05	-0.541624318982941	0	0	21	1	Both	M3	0.00374643670885222	ENSG00000108654	ENSG00000225972	chr17_64506317_A_G_b38	WholeBlood	0.0206596512261823
815	2	1.7821	37	17.9851	0.0252047825686215	-4.2192648988982	0.000277747334947244	-2.25145817650006	0.000432037768217614	-4.18737234075199	0	3.70111238391462e-06	-5.32598037683575	0	0.02	32	14	Both	M3	0.000194425317755265	ENSG00000073578	ENSG00000225972	chr5_263398_T_C_b38	WholeBlood	0.0260690490588681
821	1	0.7412	26	12.2798	1.90100803391561e-05	-95.8235342325342	0.00076740271567236	-111.879426047327	0.0351747717964395	-58.5425502240983	0.012	0.000392215853089822	-99.85947215357	0	0	22	5	Both	M3	0.00427550920174302	ENSG00000139977	ENSG00000225972	chr14_57390444_G_C_b38	WholeBlood	1.03903278529954e-06
929	5	3.9336	31	19.0834	1.58220161409408e-05	0.014110725996892	0.0033249238970163	0.0211247141836762	0.00479783526917558	0.0137452072400039	0	0.0218849841163985	0.0110765003845223	0.002	0	15	13	Both	M3	0.00289077772634228	ENSG00000186184	ENSG00000165632	chr13_27595485_G_GTCC_b38	WholeBlood	1.46846633329823e-07
1050	1	0.7903	21	12.4143	1.00556581566092e-07	0.00713582820231903	0.000255667383376063	0.00890338571119786	0.0112045799678999	0.00479687461018151	0.002	4.08940142461805e-05	0.00803085938909423	0	0	24	13	Both	M3	0.000319244787449602	ENSG00000170571	ENSG00000231752	chr5_50173150_C_T_b38	WholeBlood	6.89049804874242e-07
1091	2	1.6786	32	17.7571	0.00124250867109763	-0.0140660740493843	3.8738781976969e-05	-0.00874329262524885	0.000498906824067372	-0.0121393690935275	0	9.28033312472167e-07	-0.0168885688097587	0	0	27	8	Both	M3	6.2757814179859e-05	ENSG00000186088	ENSG00000100583	chr7_77346872_A_ACT_b38	WholeBlood	0.000163087765029795
1131	3	0.1517	23	11.8502	0.116418805485864	0.0189768174302973	0.141640065692737	0.0132072445479391	0.0247937956382575	0.0278085913515159	0.004	0.0358127833165409	0.0271979165211411	0.016	0.08	24	14	Both	M3	0.00173776069855913	ENSG00000102886	ENSG00000253936	chr16_30113948_C_T_b38	WholeBlood	0.00239198759288539
1170	1	0.3996	36	19.6754	4.99077803320176e-08	0.0442423175682478	6.46062406289512e-08	0.0395846129242753	1.0871838047246e-08	0.0457715369985991	0	1.86475009916262e-05	0.0350129013079205	0	0	25	14	Both	M3	4.30925715111385e-08	ENSG00000175390	ENSG00000233426	chr11_7992932_C_T_b38	WholeBlood	5.96143385824007e-08
1410	0	0	29	16.0708	0.4759567479074	2.60521532495245	0.00174941026269865	0.489845402128799	0.0120024624472042	2.08777057774321	0	0.000766362838564906	2.78332389043357	0	0.454	27	9	Both	M3	0.00169169764124466	ENSG00000173786	ENSG00000233913	chr17_41966789_C_T_b38	WholeBlood	0.67341179239423
1527	1	0.7277	28	14.8537	0.0755585254179558	0.0880985372867698	0.000122789114796984	0.0408095966573717	0.00242473512739938	0.0708156794206705	0	6.5752492946926e-05	0.0929136731671003	0	0.062	18	14	Both	M3	0.000148932443066352	ENSG00000126432	ENSG00000104805	chr11_64308772_C_T_b38	WholeBlood	0.278307717907411
1569	1	0.7903	27	15.141	0.0945827906322434	-0.0180543348114884	0.00409219662816097	-0.00940510275803189	6.10912110492248e-05	-0.025775619081217	0	0.0046715624830857	-0.0176620943166402	0	0.088	25	11	Both	M3	0.00310101693742593	ENSG00000263001	ENSG00000214544	chr7_74720592_C_T_b38	WholeBlood	0.0430026594707249
1824	0	0	40	19.712	0.2115191570375	-0.0205531119636424	0.00178046091847535	-0.00691218095025361	0.000403885977395716	-0.0237007647116615	0	0.0178814628705578	-0.0157193195875986	0	0.198	31	11	Both	M3	0.00228558986835359	ENSG00000163735	ENSG00000272977	chr4_73990969_C_CT_b38	WholeBlood	0.309818549930346
1857	2	1.622	25	15.2027	0.783419478416482	-0.0337741527532048	0.000960654716192962	-0.00229726515741354	0.00244328020746183	-0.0314921285568655	0	2.56226985615811e-05	-0.0427838165612109	0	0.782	25	13	Both	M3	0.00105871242221967	ENSG00000180509	ENSG00000276289	chr21_34512227_G_A_b38	WholeBlood	0.892518845441987
2031	1	0.7412	32	16.7662	0.452403319870025	-0.557910133592241	0.000708103280421858	-0.119490325198775	0.024758441347803	-0.3810839658942	0.006	0.00280385139903702	-0.48904005825049	0	0.486	24	10	Both	M3	0.000782109346479265	ENSG00000101019	ENSG00000227232	chr20_35417411_C_T_b38	WholeBlood	0.476485810784449
2095	3	2.0829	18	11.1435	0.490419556498321	0.0058852148779372	0.00359758037258795	0.00133254992537057	0.00139170672515204	0.00659706006125622	0	2.44882042049887e-06	0.00959042828244352	0	0.384	12	18	Both	M3	0.000267381045288007	ENSG00000275426	ENSG00000278569	chr4_167376_A_G_b38	WholeBlood	0.608021678481168
2117	0	0	19	9.9162	0.343176701568953	0.000176490972378327	0.158930192587002	9.92842964638694e-05	0.124256476447626	0.000187899800530726	0.058	0.52765803800446	8.0129739918971e-05	0.422	0	19	15	Both	M3	0.00195307579981319	ENSG00000148450	ENSG00000265140	chr10_23072185_C_T_b38	WholeBlood	0.754331773491492
2118	0	0	25	13.4505	0.000106730249951742	-0.0066007508344212	5.2965614675614e-05	-0.00572659982276835	5.04830195743389e-06	-0.00749803723538154	0	0.000380003550696792	-0.00577933430666988	0	0	23	2	Both	M3	0.00028547077369101	ENSG00000269834	ENSG00000220891	chr19_52394860_GA_G_b38	WholeBlood	0.00408779315395187
2137	8	5.7296	33	19.4446	0.375830328430312	0.000882039324711019	0.00357700710446185	0.00029301329663689	1.37497725626322e-06	0.00147671173591309	0	0.439527512329057	0.000227531910744364	0.328	0.334	12	6	Both	M3	0.00437003615418941	ENSG00000163961	ENSG00000255580	chr3_196505590_G_A_b38	WholeBlood	0.186802109781092
2178	2	1.5891	34	18.4971	0.000458647934688911	0.0390892261453359	0.00207080818983757	0.0446429690790903	0.00159026660133548	0.0398723195327206	0	0.000184055442929177	0.0475387418390057	0	0	24	5	Both	M3	0.00223926978947375	ENSG00000248333	ENSG00000168255	chr1_1658866_G_A_b38	WholeBlood	0.00127698999110852
2186	2	1.6534	29	17.6693	0.00272725666299391	-0.0340236534943645	0.00331557254967732	-0.0366569861431605	0.00515685506574014	-0.0313122896065643	0	4.22061955973297e-05	-0.0471245036866439	0	0	13	8	Both	M3	0.00217284892921898	ENSG00000091490	ENSG00000006062	chr4_25861753_G_T_b38	WholeBlood	0.00597102293184651
2271	1	0.9147	34	17.3143	0.646168678389441	0.027310106429524	0.000474756156877229	0.00323174175142588	5.55821187585912e-06	0.0352625972260894	0	2.88163000501102e-05	0.0329025797889234	0	0.668	27	14	Both	M3	0.0006588881749654	ENSG00000160075	ENSG00000226278	chr1_1573654_T_C_b38	WholeBlood	0.942195420502962
2409	1	0.9122	19	10.5076	0.00739513429431788	0.000182055041298925	3.40846118991602e-05	0.000103617121044416	0.000324451925072986	0.000150929557077982	0	1.08139004841509e-05	0.000195351362731098	0	0	20	16	Both	M3	6.55110818088556e-05	ENSG00000099203	ENSG00000257787	chr19_10836325_C_T_b38	WholeBlood	0.250870092390786
2417	6	4.492	31	17.3203	0.000889325985048942	-0.0169778210480218	0.00069277585256771	-0.0178249127250398	1.48735207701312e-05	-0.0206476682438373	0	3.4155712849108e-05	-0.020855045035287	0	0	13	11	Both	M3	0.000865901066181118	ENSG00000103168	ENSG00000144218	chr16_84184959_T_C_b38	WholeBlood	0.00128635007861584
2433	9	3.5748	35	17.5984	0.831521970130026	-7.19341632553773e-05	0.00610569878056369	-7.18537955306638e-06	0.389490598475206	2.14648430665153e-05	0.202	6.25532928631118e-05	-0.000105598937195785	0	0.758	17	14	Both	M3	0.00355892344244313	ENSG00000170606	ENSG00000228073	chr5_133091159_GTT_G_b38	WholeBlood	0.323193134041099
2518	2	1.1598	29	14.278	0.586955987922719	49.6942455759492	0.00426339019903722	8.69013181891783	0.0133082923677989	42.0154320857383	0.002	0.04543010476353	34.772622496388	0.008	0.536	24	7	Both	M3	0.00316536749240348	ENSG00000267655	ENSG00000225972	chr18_79180720_A_G_b38	WholeBlood	0.0206283616076111
2572	0	0	33	16.5825	0.630562730477079	-0.298076473666765	0.00168412710026717	-0.038854746226893	0.031045369903126	-0.198346423236815	0.002	0.00717834858308518	-0.258134384940384	0	0.692	28	19	Both	M3	0.000971584753667321	ENSG00000179820	ENSG00000225972	chr19_53874756_TTC_T_b38	WholeBlood	0.93469138140264
2625	1	0.8699	37	17.8628	0.0185628554809042	-3.85727137475705	0.0020157995228751	-2.57729469241177	2.00038695818398e-06	-5.96414887683578	0	0.0150144641541498	-3.05374228234754	0.002	0.024	30	8	Both	M3	0.00484192789493498	ENSG00000169299	ENSG00000225972	chr4_37846464_T_G_b38	WholeBlood	0.0047287194498844
2638	3	1.7519	26	13.5183	0.450707583323083	-0.000131615135134174	0.0219668723765346	-3.48288601406696e-05	5.07861848786856e-05	-0.000237244545219358	0	5.80138922809575e-05	-0.00022568242985387	0	0.132	25	3	Both	M3	0.00150612119170979	ENSG00000184887	ENSG00000264837	chr14_105266425_A_T_b38	WholeBlood	0.828641086172723
2791	1	0.9069	30	14.5257	0.00226961307502205	22.2293697781142	2.22223647087766e-06	13.3313685811931	2.72594763121227e-10	28.9939296003154	0	6.33246218150904e-06	21.1860872263602	0	0.04	24	8	Both	M3	8.49652325312089e-05	ENSG00000130487	ENSG00000225972	chr22_50542389_C_A_b38	WholeBlood	0.0046245816200322
2801	2	1.5483	33	15.695	7.51031681415048e-05	-13.1677786957496	0.000342438525351837	-12.569106095252	0.000421551376732066	-12.849521573658	0	0.000655817227933113	-12.5099687508419	0	0	30	11	Both	M3	0.000262052898662768	ENSG00000134882	ENSG00000225972	chr13_99328830_ATTG_A_b38	WholeBlood	0.000974277562172192
2814	4	2.7377	35	18.8886	0.0113721109400785	0.00738899908777037	1.66697719514203e-05	0.00427625892257526	0.00104624791655199	0.00527643137919209	0	9.74236479244714e-07	0.0084514016099785	0	0.022	16	8	Both	M3	2.1398506196757e-05	ENSG00000159128	ENSG00000157693	chr21_33424249_C_T_b38	WholeBlood	0.00191384418235015
2891	1	0.8227	26	11.9881	0.198221770434521	5.98393757514633	0.00273573227114161	2.45029979314237	0.00170183062404128	6.49740901410923	0	8.15720014121081e-05	7.89932741637382	0	0.192	21	16	Both	M3	0.00402187098708051	ENSG00000106714	ENSG00000225972	chr9_39450249_T_C_b38	WholeBlood	0.390829165614032
3019	1	0.7412	32	16.5002	0.00123489984283681	-46.240291762798	0.000888071049309081	-40.2048202095121	0.0786178189047898	-23.644879304219	0.014	0.00112277842379079	-45.3577883989283	0	0.002	29	5	Both	M3	0.00410968910953913	ENSG00000152457	ENSG00000225972	chr10_14893937_T_TG_b38	WholeBlood	0.0689787842320531
3040	1	0.7277	33	16.4697	0.106193266584744	-4.81129073735244	0.000184013943700191	-1.65853970597012	1.23511467484181e-07	-6.38590287475368	0	1.93084435096539e-07	-6.71316669172255	0	0.126	28	15	Both	M3	0.00108087243460719	ENSG00000148700	ENSG00000225972	chr10_110013665_C_T_b38	WholeBlood	0.389570912532667
3225	3	2.2844	28	15.2779	0.0488365421640185	-0.147273118336103	0.00143825933092618	-0.0991601620356709	0.0148030559752034	-0.112089199999764	0.006	7.95768346018784e-06	-0.205942210236837	0	0.024	12	13	Both	M3	0.00115215629208243	ENSG00000232788	ENSG00000170632	chr2_172509705_G_A_b38	WholeBlood	0.926060103432112
3456	2	1.3386	27	13.6895	0.234180954423943	-8.16631422255142	7.51188964348805e-05	-1.98383503863196	0.000526739447200861	-6.8980982830099	0	9.49530835005756e-06	-8.86029957973263	0	0.172	25	3	Both	M3	7.49098303294282e-05	ENSG00000119397	ENSG00000267174	chr9_121154742_T_A_b38	WholeBlood	0.0223527638928068
3478	6	3.7608	31	18.9163	0.00243255345607292	0.154295342332527	0.000790270492186536	0.134051280225948	1.66976760783131e-05	0.206422382456146	0	0.00869274755631446	0.12104557735555	0.002	0	18	7	Both	M3	0.00055394989724511	ENSG00000134283	ENSG00000135775	chr12_42460403_A_G_b38	WholeBlood	1.17542073253242e-08
3525	0	0	21	12.0341	0.0268212125128396	0.0318119118355655	0.00595976515250328	0.0245216542513597	1.4609482132193e-06	0.05479298419276	0	0.0195484739168779	0.027390398587955	0.012	0.04	20	16	Both	M3	0.005104351411648	ENSG00000132640	ENSG00000217181	chr20_11930152_T_G_b38	WholeBlood	0.0029665643870198
3572	1	0.9122	32	15.8055	0.000115692693204782	-3.88076714100562	0.00605363581767131	-4.66211750002062	0.00334426900212808	-4.09515371551161	0	0.262412365444511	-1.57772150403107	0.084	0	28	19	Both	M3	0.00520888621745375	ENSG00000182858	ENSG00000232573	chr22_49845260_G_A_b38	WholeBlood	0.000198727216239627
3677	1	0.6336	28	16.1642	0.00841026626251367	-0.0908107316894928	0.00443609213828995	-0.0815723932514632	0.0049683235269514	-0.0880548307796534	0.002	0.000484069301660557	-0.111841342501693	0	0	20	1	Both	M3	0.00352184203657302	ENSG00000197847	ENSG00000282100	chr11_65297219_G_A_b38	WholeBlood	3.39135720947792e-05
3811	0	0	32	16.344	0.24615454993743	-0.294805191944709	0.0031491294066497	-0.11202435807787	0.00129333790866865	-0.311963744554324	0	0.00146867172422675	-0.314601538447737	0	0.248	19	10	Both	M3	0.0032457379247528	ENSG00000119684	ENSG00000132463	chr14_75182261_C_T_b38	WholeBlood	0.0134146238374542
3878	2	0.9501	19	10.3849	0.0564329632544984	-0.0252291807096828	0.00660263216522346	-0.0156121201395523	0.00477381090920433	-0.0265927745047088	0	0.00595483877757836	-0.025654449169766	0	0.008	21	19	Both	M3	0.00276245927429475	ENSG00000278341	ENSG00000259519	chr16_88715809_G_A_b38	WholeBlood	0.000169257511797358
4025	2	1.7821	34	18.0977	0.176305422842143	0.296707950982206	0.0017234300738837	0.121536197077503	0.0177574104563616	0.22594092911029	0.002	0.000955627349997157	0.313079813402219	0	0.162	22	6	Both	M3	0.00248318827179572	ENSG00000176390	ENSG00000111843	chr17_30576376_A_G_b38	WholeBlood	0.405204536876436
4127	0	0	24	11.6355	0.0364276314452621	-0.667920599828981	0.00266416523245417	-0.461183285184494	1.26443578041095e-07	-1.15202657756169	0	0.000261104230497765	-0.817859454470048	0	0.024	22	10	Both	M3	0.00165010359031514	ENSG00000227550	ENSG00000226752	chr7_142481210_C_T_b38	WholeBlood	0.330030217886787
4147	0	0	34	19.4144	0.26155781583668	-0.405285761028168	0.00411349729307976	-0.129278021258253	0.0395065340603471	-0.300451389527787	0.01	0.0015040353683262	-0.450155788517815	0	0.254	32	8	Both	M3	0.00290352842594044	ENSG00000182742	ENSG00000226278	chr17_48490651_T_G_b38	WholeBlood	0.275168066871814
4340	2	1.0791	18	9.8754	0.434110445114102	-3.33417376545524e-05	0.131221353017049	-1.38545770773083e-05	0.469520688024468	-1.54113575667724e-05	0.346	0.0200240216980516	-5.03079927729411e-05	0.002	0	21	16	Both	M3	4.44089209850063e-16	ENSG00000133805	ENSG00000229639	chr11_10455151_C_T_b38	WholeBlood	0.0746201242644994
4478	0	0	27	14.5636	0.181254937902023	-0.346469530780032	0.00393332393723293	-0.172953008764487	0.000608032233219268	-0.386165042531958	0	0.149310705099772	-0.175409788806497	0.102	0.204	18	1	Both	M3	0.00528757679462699	ENSG00000215241	ENSG00000238105	chr12_8226214_T_C_b38	WholeBlood	0.00408074628216809
4903	2	1.7049	30	18.0112	0.127126014294087	0.00102029538643787	0.00119390229278724	0.000431769730503723	0.0469927069051829	0.000596331489138776	0.01	0.000941884485845577	0.00104648514679611	0	0.09	25	5	Both	M3	0.00353880585176558	ENSG00000243417	ENSG00000223445	chr4_152628227_T_G_b38	WholeBlood	0.431161024092331
5048	2	1.4409	22	11.0735	0.0171496064639616	0.616022218745053	0.00268769699977869	0.417568301002076	0.0195476990638005	0.486692488736666	0	0.000927794318324688	0.684527757800651	0	0	23	1	Both	M3	0.0003711106974853	ENSG00000251215	ENSG00000100181	chr5_39172607_T_C_b38	WholeBlood	0.104588734115837
5108	0	0	31	17.5878	0.366089651083509	-0.129230855507926	0.00218029343599717	0.0327959392271939	0.00130104696083053	-0.128379119913726	0	0.232553755859883	-0.0503280497863085	0.114	0.366	24	9	Both	M3	0.00186339606956931	ENSG00000186132	ENSG00000130768	chr2_119321202_T_C_b38	WholeBlood	0.42713560377548
5476	1	0.7664	25	14.1675	0.647149909323359	-2.34492666113475	0.00566942537267674	0.410583917527216	0.0494071950730829	-1.72108695056945	0.018	5.24963639116965e-05	-3.394153073335	0	0.634	13	8	Both	M3	0.00577773026693373	ENSG00000222004	ENSG00000093167	chr7_26876872_GTTTAA_G_b38	WholeBlood	0.436415194348298
5694	3	2.2787	35	20.0376	0.0114460136197721	-0.989453337856215	0.0070085871122562	-0.808442172752113	0.0020984386640141	-1.1410300595875	0	0.00419373050448123	-1.04452111105655	0	0.002	26	4	Both	M3	0.00605802046037218	ENSG00000100599	ENSG00000163421	chr14_92604419_T_C_b38	WholeBlood	0.00119595797311054
5739	2	1.0286	34	18.7957	0.271010169220178	0.0135830752210764	0.000256880075056275	0.00480865828741003	0.00271003596896954	0.0115516871649725	0	0.000458956248140636	0.0130059008579308	0	0.184	13	14	Both	M3	0.00156828470708903	ENSG00000274270	ENSG00000241821	chr13_50126295_C_T_b38	WholeBlood	0.0173346425444058
5762	3	2.4757	33	17.3132	0.00672213003498324	-0.372404990849776	1.98095111549766e-05	-0.235525272493657	0.0262060512396853	-0.186332482469701	0.004	0.00199574376676445	-0.271812091690143	0	0.004	16	19	Both	M3	2.45708463026961e-05	ENSG00000158769	ENSG00000168066	chr1_161014318_C_G_b38	WholeBlood	8.93972091645942e-05
5862	1	0.4906	32	16.5203	0.359535830584829	0.000720313936235573	0.00238395350808959	0.00017535125770935	4.1590352222062e-07	0.00111064911775242	0	0.00298476699752203	0.000708910152098229	0	0.396	28	1	Both	M3	0.0026680007909905	ENSG00000115561	ENSG00000236780	chr2_86567210_T_G_b38	WholeBlood	0.119432544418538
6563	0	0	31	13.5929	0.0510112053428512	-0.229358089600301	2.35278884285605e-06	-0.08549417984013	0.0094541212039885	-0.126862430653978	0	6.63148120933161e-07	-0.244609184180943	0	0.008	26	18	Both	M3	3.87785104027927e-08	ENSG00000170525	ENSG00000225972	chr10_6197524_A_G_b38	WholeBlood	0.254535124599179
6759	3	2.0442	29	14.8542	0.592445405157283	-0.914404462908317	0.0015710679597743	-0.144635148216112	0.000671832409118306	-0.980478878067962	0	6.5931956894478e-06	-1.32820184328265	0	0.604	20	17	Both	M3	0.00232755954919517	ENSG00000235191	ENSG00000258944	chr19_48884500_G_A_b38	WholeBlood	0.690988044687854
7127	4	3.3204	25	15.165	0.0754458237969191	-0.546177528038046	0.00657978927297945	-0.36133360788461	0.00312627825418862	-0.585741466360454	0.002	0.000452139950030351	-0.707498490043941	0.002	0.076	14	13	Both	M3	0.00529107798241002	ENSG00000279187	ENSG00000225855	chr17_81221221_C_T_b38	WholeBlood	0.000256355522222559
8370	2	0.9835	29	14.0661	0.00607701079498949	0.000257833686835268	0.0018586287971968	0.000195072310422926	0.0426204847255517	0.000161277720559932	0.006	0.0388720757609676	0.000171198992872724	0.01	0.02	23	13	Both	M3	0.00137639665600942	ENSG00000147601	ENSG00000248998	chr8_73168692_G_A_b38	WholeBlood	0.00176099015780292
8662	4	1.3707	28	14.5428	0.77681058173495	5.7052945977739e-05	0.0658667130257916	-7.68256940535896e-06	0.0367904888595142	6.5266587856965e-05	0.012	0.31162679468026	3.09454587075901e-05	0.162	0.874	18	6	Both	M3	0.00272790366838582	ENSG00000140326	ENSG00000205944	chr15_42730963_C_T_b38	WholeBlood	0.586234816856425
8679	0	0	21	11.2796	0.125535296318913	0.0115291116860682	0.00599647124411192	0.00625965901735831	1.78323470006312e-05	0.0181832308449005	0	5.40384992215638e-05	0.01698351460419	0	0.12	14	15	Both	M3	0.006188328498826	ENSG00000278769	ENSG00000260369	chr15_42658039_T_C_b38	WholeBlood	0.320355847312228
8719	0	0	21	9.0206	0.00457520706703488	-113.127931984067	6.71369532222013e-05	-81.1157586233662	0.000287731941608678	-104.509774917082	0	1.36272456187177e-07	-149.387989499622	0	0.006	17	10	Both	M3	0.000923362386791915	ENSG00000260647	ENSG00000225972	chr17_17523955_G_A_b38	WholeBlood	0.00210503260327092
8768	1	0.551	26	13.6839	0.0466135783083374	-5.43468982828364	0.00066138143103713	-2.65595728068342	0.000435859506643777	-5.85576399463362	0	2.3125900042702e-06	-7.41181760822309	0	0.03	25	3	Both	M3	0.000183771529304488	ENSG00000198960	ENSG00000101347	chrX_101372073_A_T_b38	WholeBlood	0.00136303304429227
254	1	0.9147	34	16.741	0.0642499208655773	1.18249695219339	0.00598065837896271	0.650642781307785	0.00244492329896776	1.31003041486513	0.002	0.241790736681261	0.505128449795886	0.11	0.054	29	19	Cis.Med	M3	0.0054131407465503	ENSG00000178209	ENSG00000225972	chr8_143921861_A_G_b38	WholeBlood	0.0196693791605815
691	1	0.2843	40	16.5595	0.0112707044820829	5.1865163922794e-05	0.00443159207951343	5.0637169891071e-05	0.00437526559230952	5.4308187941747e-05	0	0.0211678543661988	4.2581824373167e-05	0	0.004	21	19	Cis.Med	M3	0.00354754556031867	ENSG00000142046	ENSG00000253288	chr19_41382945_AGGGGACTGGGC_A_b38	WholeBlood	0.0649582085684354
778	1	0.4956	35	19.6308	3.1195446953768e-05	0.0220732976981237	0.00701070149377629	0.0349410157780317	0.394409115731165	0.00677857824687306	0.274	0.0456321377877569	0.0162505475611852	0.006	0	22	17	Cis.Med	M3	0.00601988980131396	ENSG00000229833	ENSG00000170836	chr19_7625798_C_T_b38	WholeBlood	3.29918968276141e-05
783	3	1.3905	37	17.8806	0.147687943540261	-4.17140639927461e-05	0.000280095889936651	-1.71708182892709e-05	6.10992719900338e-05	-4.46376121518098e-05	0	1.1635234344828e-05	-5.10661960561437e-05	0	0.418	20	9	Cis.Med	M3	0.00552305451089929	ENSG00000100347	ENSG00000212855	chr22_43955471_T_C_b38	WholeBlood	0.00960857633887129
825	2	1.4575	29	14.4965	0.225838878050071	-0.00030628869257694	0.00654396053007518	-0.000121454011437127	0.00129174966144638	-0.000364256699150717	0	0.182341646475821	-0.000151396302478254	0.088	0.006	25	17	Cis.Med	M3	3.51651088843496e-05	ENSG00000198931	ENSG00000256714	chr16_88811768_C_A_b38	WholeBlood	0.843471050480797
910	1	0.8699	31	17.1239	0.133196927745819	-0.305105076599756	0.00310896138527165	-0.153400858701273	0.170181696268266	-0.1408895531047	0.102	0.954809408566791	-0.00585753198679674	0.95	0.126	17	10	Cis.Med	M3	0.00209586125402428	ENSG00000131748	ENSG00000281990	chr17_39637302_G_C_b38	WholeBlood	0.0708047546941533
1002	0	0	26	10.507	0.629040392220245	0.00191989587924386	0.0121951615876174	0.000309624399159338	0.00308651588172729	0.00235719225551757	0	0.261218700972252	0.000847534007274232	0.148	0.52	22	2	Cis.Med	M3	0.0036546739815595	ENSG00000230006	ENSG00000256986	chr2_88831873_G_A_b38	WholeBlood	0.612813418290369
1175	3	2.1987	39	20.8299	0.0513363377426815	-0.422189633437102	0.00676910107054454	-0.285171235561773	0.118234547963812	-0.240621216813471	0.024	0.0203958941929386	-0.358482718475365	0	0.038	22	19	Cis.Med	M3	0.00627851263868617	ENSG00000101493	ENSG00000197208	chr18_76546180_T_TCACAAATGA_b38	WholeBlood	0.0802853664466578
1315	0	0	34	16.3994	0.0199727757859988	-37.977258399278	0.00350039497096497	-28.2130854915432	0.0128415363260298	-30.7120844471819	0.004	0.0480576608304332	-25.3405637231599	0.022	0.014	26	4	Cis.Med	M3	0.00540042890174175	ENSG00000187862	ENSG00000225972	chr1_156582056_A_G_b38	WholeBlood	0.119446610627231
1647	1	0.7277	38	17.7856	0.0788832715948658	-7.52440811973881	0.00133337921450096	-3.32582030243913	0.00283803073327411	-7.04283993841563	0	3.5278038007648e-05	-9.730646388525	0	0.07	31	14	Cis.Med	M3	0.00184487636693675	ENSG00000135250	ENSG00000225972	chr7_105206187_G_A_b38	WholeBlood	0.0145959775001212
1702	5	2.1288	31	15.4321	0.734069512453549	0.0165320608853392	2.63271049895012e-05	-0.0018562267909849	4.66392399460752e-06	0.0189348672610498	0	2.57198302067825e-06	0.0186772310823167	0	0.978	9	1	Cis.Med	M3	0.00615481553701969	ENSG00000130508	ENSG00000236554	chr2_1799648_C_T_b38	WholeBlood	0.291423386450141
1851	3	2.3122	25	15.5712	0.0700276234165713	0.0139087884112777	0.00431676605868033	0.0084132838788524	0.0102081004038127	0.0126219193666983	0.002	0.0398260848152036	0.00993458981353836	0.006	0.056	21	13	Cis.Med	M3	0.00489462199320023	ENSG00000125485	ENSG00000255210	chr9_132603647_G_A_b38	WholeBlood	0.613675275037926
2488	1	0.9069	20	12.0881	0.0927794145243911	-4.89014501043508e-05	0.391139608242523	-7.45087295299644e-05	0.735646435127736	1.81679429566969e-05	0.714	0.588695220652594	-3.15520167311764e-05	0.62	0.06	23	11	Cis.Med	M3	0.00224448623684781	ENSG00000213906	ENSG00000270807	chr14_24308741_G_A_b38	WholeBlood	0.0503626703840852
2675	3	1.8971	34	13.7443	0.197230079736394	-0.00189863975934986	0.000593357967660778	-0.000670340122682608	3.0677670482238e-05	-0.0022730556827067	0	0.000907148534767939	-0.00183691641645081	0	0.162	25	3	Cis.Med	M3	2.50635235712338e-05	ENSG00000141076	ENSG00000267238	chr16_69383881_AC_A_b38	WholeBlood	0.445645337189723
3071	2	1.7374	15	6.7139	0.691187209883272	0.000158044596202927	0.321085220479143	-6.52079316842821e-05	0.562400818152759	9.05314866555295e-05	0.516	0.0556304637071541	0.000306111538781669	0.028	0.194	12	16	Cis.Med	M3	0.00466581562133705	ENSG00000235944	ENSG00000232130	chr7_5854969_A_G_b38	WholeBlood	0.311576704022429
3409	6	4.6575	28	16.719	0.958887705666525	0.00477427264104106	0.00697268070675368	-7.02684046816743e-05	0.0028169383136296	0.00531869526474378	0	0.00713267249316689	0.00476782567918639	0	0.106	20	4	Cis.Med	M3	8.93049234562682e-09	ENSG00000188690	ENSG00000267713	chr10_125787093_C_T_b38	WholeBlood	0.816183972641451
3833	1	0.7277	24	13.2894	0.127357979371606	0.289985533998423	0.00703854706305293	0.137837399533377	0.001354780511762	0.343229294820105	0	0.00606532001691398	0.29580577699597	0	0.108	23	8	Cis.Med	M3	0.00608573271701252	ENSG00000163040	ENSG00000227632	chr2_131534586_C_T_b38	WholeBlood	0.422456384992267
4189	2	0.7106	35	16.5168	0.0150666177264641	-0.000882231311530722	0.000776127945937882	-0.000657370747892805	0.00136245471947361	-0.000872136933223807	0	0.000303909150218558	-0.000956685809474652	0	0.026	19	18	Cis.Med	M3	0.000817756593924024	ENSG00000177706	ENSG00000259695	chr7_161935_C_T_b38	WholeBlood	0.0328737088887448
4195	0	0	20	9.9739	0.342196100844058	0.000284881465285571	0.602732683869695	-0.000470310383951139	0.629350086685762	0.00024956995104412	0.59	0.529492954959521	-0.00034351650960562	0.466	0.144	19	11	Cis.Med	M3	0.00567128114828908	ENSG00000273137	ENSG00000207838	chr22_50199196_A_C_b38	WholeBlood	0.819921963421077
4268	1	0.7277	33	18.053	0.203377358977747	-0.0132849607793817	0.00369946031096127	-0.00518912374677252	0.000332441976730859	-0.0165279688023656	0	0.0825512314595147	-0.00793111587827066	0.024	0.262	22	18	Cis.Med	M3	0.0053122412983011	ENSG00000122417	ENSG00000138193	chr1_86364847_G_A_b38	WholeBlood	0.196949429200774
4363	2	1.6111	33	16.8032	0.0863936060310457	0.0890029379867572	0.00530248557473054	0.0443449711164389	0.000302392216217001	0.118726667187699	0	0.000134218769137583	0.120538166822923	0	0.046	26	3	Cis.Med	M3	0.00406182826284041	ENSG00000071537	ENSG00000138617	chr14_81587377_G_T_b38	WholeBlood	0.0589971625226199
4455	4	3.1109	33	16.0259	0.182127775226156	-8.1661133681284	0.000735697882609257	-2.66973794231997	0.000532142399594993	-8.29933075690719	0	5.30542113092558e-05	-9.8826207205926	0	0.048	28	7	Cis.Med	M3	0.000113812318643269	ENSG00000253701	ENSG00000225972	chr14_105661363_T_C_b38	WholeBlood	0.489838485236808
4681	6	3.1831	40	20.079	0.198952437474642	0.0101926720303913	4.8864052304786e-05	0.00296534088393891	6.69793497178639e-07	0.0123690659241761	0	0.00168410272429919	0.00795502757561221	0	0.326	23	16	Cis.Med	M3	0.00173482554359228	ENSG00000088340	ENSG00000223429	chr20_35906789_A_G_b38	WholeBlood	0.281068308820188
4818	1	0.9147	28	13.7944	0.14574958066863	-0.0180907724595598	0.0127862875221194	-0.00928631222335735	0.0353642894183127	-0.0146881787771595	0.008	0.00224539090832123	-0.0223897238571853	0	0.094	25	11	Cis.Med	M3	0.00586235398508173	ENSG00000197535	ENSG00000276386	chr15_52397943_G_T_b38	WholeBlood	0.0177227620870879
5033	2	0.9053	24	11.451	0.0877948451789966	0.00279347844207717	0.0104013539817956	0.00162003728950455	0.00400212671853225	0.0030936736095103	0	0.0206623983791287	0.00251425995107287	0.002	0.03	21	9	Cis.Med	M3	0.00368662434000533	ENSG00000140367	ENSG00000275770	chr15_75900088_A_G_b38	WholeBlood	0.00781263948438982
5045	0	0	14	6.8696	0.592913880735816	0.00131997473181731	0.0243732020872091	0.000295888301295602	0.00203194403479989	0.00177976721912713	0	0.299841808149095	0.00060961809814088	0.236	0.434	13	14	Cis.Med	M3	0.00318397867625619	ENSG00000257303	ENSG00000280197	chr12_56240855_G_C_b38	WholeBlood	0.659510400549747
5177	1	0.7903	28	15.5866	0.00613543148560673	0.0220027693051353	0.00685562400680227	0.019600952862345	0.00016649228211858	0.0308005399017424	0	0.162608578626889	0.0113062717458351	0.082	0.006	24	5	Cis.Med	M3	0.00453462076537159	ENSG00000132434	ENSG00000264196	chr7_55484139_T_C_b38	WholeBlood	0.00174631700260003
5234	1	0.2121	23	9.8676	0.355047102406274	0.000961727365856511	0.000890882704558982	0.000283906647345702	6.03784819732314e-05	0.0011536536681769	0	0.0049518509413683	0.000818484322229325	0.002	0.508	16	5	Cis.Med	M3	2.06858139748523e-05	ENSG00000240929	ENSG00000240354	chr1_144546487_C_G_b38	WholeBlood	0.271380318421078
5274	1	0.1693	25	10.2086	0.239025815277601	-0.00021347793270403	0.202253365259229	0.000179076986392329	0.0182043759960639	-0.000390519197594574	0.004	0.0020940252809056	-0.000516457381024911	0	0.146	21	14	Cis.Med	M3	7.15420538279776e-05	ENSG00000008256	ENSG00000215231	chr7_5872458_A_G_b38	WholeBlood	0.325118696899757
5284	0	0	25	12.2085	0.25050952602479	-0.0176720271048073	0.0236264216922069	-0.00831835382331692	0.00648750770237678	-0.0212087959608608	0.004	0.494906354832267	-0.00534442939232934	0.412	0.074	24	17	Cis.Med	M3	0.00465828546054325	ENSG00000270605	ENSG00000276386	chr1_28179912_A_G_b38	WholeBlood	0.124030842546427
5439	5	2.908	34	17.8014	0.68223498225249	0.0233924654946473	0.00546315358984261	-0.00414065968572058	0.00871073510411585	0.0224413921186296	0.002	0.0278787933693974	0.0186710049623783	0	0.582	7	17	Cis.Med	M3	0.00465255260632524	ENSG00000115839	ENSG00000164669	chr2_135572561_A_G_b38	WholeBlood	0.319260818303673
5506	1	0.9069	15	8.608	0.0192854239959089	-0.019147631459026	0.0258398571347544	-0.0191233582892813	0.00194913476966831	-0.0266486009657752	0	0.171924189563182	-0.0117276905745672	0.148	0	15	15	Cis.Med	M3	0.00487258368750276	ENSG00000234981	ENSG00000252190	chr1_206507103_A_T_b38	WholeBlood	0.0160418190387625
5576	5	3.5674	39	21.1066	0.314139449204998	-6.31318230299122e-05	0.000946918250831598	-2.05335088533467e-05	0.000216605276707352	-6.90754172764857e-05	0	0.000401008097644134	-6.79230396885048e-05	0	0.44	17	9	Cis.Med	M3	0.00049378611655948	ENSG00000104897	ENSG00000240626	chr19_2248153_T_TGGAGTCCACCCTCCAGCCCCC_b38	WholeBlood	0.272457955442193
5666	1	0.1524	22	10.1568	0.00839096472670041	-0.00303114088154207	0.00931050831110612	-0.00288711509642766	0.0117768721962345	-0.00294024888763522	0	2.0695074020251e-06	-0.00550203816230332	0	0	18	2	Cis.Med	M3	0.00389197915584094	ENSG00000183569	ENSG00000252036	chr22_42594311_G_A_b38	WholeBlood	0.000291585002016578
5979	1	0.4906	28	14.6187	0.108228187056437	-1.16085225732585	0.00675171934918249	-0.557408077888906	0.000759378738527955	-1.4268152352003	0	3.05283509618445e-05	-1.79630283365947	0	0.09	27	18	Cis.Med	M3	0.00440316504476246	ENSG00000169057	ENSG00000233913	chrX_154317749_C_T_b38	WholeBlood	0.213363706244598
6142	2	0.4339	22	10.1057	0.146405982738903	0.0168743583833205	0.00104163946854772	0.00781232653279568	0.000340591097511736	0.0186353299102305	0	0.00141232992397839	0.016281960042785	0	0.722	12	8	Cis.Med	M3	0.00245907734102135	ENSG00000261794	ENSG00000271652	chr15_31584013_G_T_b38	WholeBlood	0.160483684122494
6404	0	0	35	17.6711	0.362784210698117	0.701621478907128	0.00310755032491256	0.213727979527748	0.00238167982876493	0.754574608789021	0	2.29285917206187e-05	1.02539795803179	0	0.416	20	11	Cis.Med	M3	0.00633868973142504	ENSG00000172819	ENSG00000111843	chr12_53221209_A_G_b38	WholeBlood	0.770791976278133
7102	1	0.7051	24	13.5187	0.551472418729728	-0.000456420221265655	0.102458780277417	-0.00015086146029324	0.00823434698003786	-0.000748814428384783	0	0.212758932176915	-0.000349547647318468	0.156	0.392	21	1	Cis.Med	M3	0.00210661218757946	ENSG00000189129	ENSG00000250340	chr10_79867521_C_T_b38	WholeBlood	0.0391154942981825
7196	3	1.5876	25	13.1651	0.481353526328569	-0.00315565154515527	0.0147483063935612	-0.000827964399083454	0.000117656297999595	-0.00484783916409893	0	0.00446164915420111	-0.00370156953084593	0	0.466	23	11	Cis.Med	M3	0.0056580830778945	ENSG00000171224	ENSG00000283583	chr10_69843415_C_A_b38	WholeBlood	0.164443151068649
7580	0	0	28	14.9578	0.205200227979515	-0.0183318041420997	0.00411928860307759	-0.00718249677740257	0.0413375508130211	-0.012731531414128	0.004	0.0153198200147895	-0.0155656219825092	0.006	0.246	25	8	Cis.Med	M3	0.00481129041518424	ENSG00000117013	ENSG00000280429	chr1_40672267_C_T_b38	WholeBlood	0.0074582375077016
121	4	0.0984	21	4.1631	3.46583344667378e-08	-0.000276133155591006	3.63175871585133e-05	-0.000596017986918757	7.47276174225968e-06	-0.000299337393415287	0	7.77371433990616e-08	-0.000360664862104631	0	0.084	11	9	Trans.Med	M3	0.000135869885161677	ENSG00000179979	ENSG00000222922	chr4_1296728_C_G_b38	WholeBlood	1.48188161249325e-98
336	0	0	36	19.3026	0.202600299328432	-0.0327451371674384	0.00474581157548341	-0.0103328509545127	0.0492138888660998	-0.0222497304472315	0	0.000755357807288253	-0.0391277319678697	0	0.448	30	6	Trans.Med	M3	0.00400598882730208	ENSG00000169249	ENSG00000226278	chrX_15802333_C_A_b38	WholeBlood	1.12603314857871e-17
1042	6	0.8487	29	11.852	0.809847039428688	1.50549159593719e-05	0.348537121817409	3.66118180834492e-06	0.396698617382217	-1.43227559839065e-05	0.282	0.767014192050438	4.73191133982282e-06	0.688	0.986	22	10	Trans.Med	M3	1.76328050871533e-06	ENSG00000143382	ENSG00000266251	chr1_150552402_G_A_b38	WholeBlood	1.65117058241628e-19
1043	5	2.1676	25	10.534	0.397611932552675	0.000720060821397152	0.542031171657338	0.000926446870774272	0.573507375770997	0.000660372057976947	0.482	0.520687990211775	-0.000765001227903346	0.406	0.062	20	14	Trans.Med	M3	0.001653849213199	ENSG00000243725	ENSG00000207960	chr1_54716877_C_T_b38	WholeBlood	1.23993494695292e-08
1257	0	0	39	19.988	0.944374626374595	0.0929788897563056	0.00908991022182339	0.00210937202844182	0.000232807959066436	0.133205814129276	0	0.00758569037627466	0.0951127497588984	0	0.862	25	18	Trans.Med	M3	0.00277416442913525	ENSG00000198231	ENSG00000124151	chr17_63774826_G_C_b38	WholeBlood	1.43009154539265e-33
2573	3	0.9408	22	9.0355	0.236818378973645	6.81799994270324e-06	0.552140753635185	1.26350966036517e-05	0.122467997273444	1.88043213794142e-05	0.072	0.155742364275903	1.6210194117921e-05	0.122	0.262	19	8	Trans.Med	M3	0.00443443978123925	ENSG00000204261	ENSG00000283349	chr6_32845979_G_A_b38	WholeBlood	3.34264968575447e-07
3251	3	1.0009	21	7.8408	0.958127298220451	-7.43467092238876e-06	0.182078720951193	-2.90885613254989e-07	0.0717460481791002	-9.72218075556201e-06	0.026	0.0190772982241551	-1.31234132937383e-05	0.004	0.476	16	9	Trans.Med	M3	0.00474099421645202	ENSG00000062282	ENSG00000258073	chr11_75740366_A_G_b38	WholeBlood	2.99240753073826e-19
3679	3	1.5746	25	11.8256	0.603959324874794	0.000102707886681196	0.377645106440923	5.43452209214197e-05	0.710398718439191	4.16521396098401e-05	0.684	0.645206023309585	5.4702260470745e-05	0.55	0.018	21	12	Trans.Med	M3	0.00216401599185345	ENSG00000136868	ENSG00000270798	chr9_113259627_C_T_b38	WholeBlood	3.30329455449435e-09
3787	1	0.8699	35	16.9305	0.00023922636453983	62.4166908024653	0.00734278501144661	75.4046151355668	0.000996361131684247	77.2145420313776	0	0.000427086832214383	82.0903159269835	0	0	30	6	Trans.Med	M3	0.00407939540046542	ENSG00000157796	ENSG00000225972	chr4_39160901_A_G_b38	WholeBlood	1.64437500035461e-10
4175	2	0.4723	36	16.4609	0.194619811231489	0.000810151199256031	0.146288122101561	0.000644860116867957	0.776557599960137	0.000155149863833644	0.766	0.0187246890195507	0.00130033359972	0.002	0.02	25	1	Trans.Med	M3	0.00376091550007485	ENSG00000127980	ENSG00000235972	chr7_92506806_TCCC_T_b38	WholeBlood	2.81320992377006e-14
4619	0	0	27	12.5504	0.289764151836253	-0.00906817519905449	0.0211177005021207	-0.00463684396343239	0.000463650739733624	-0.0134445014270991	0	0.0187691641907926	-0.00927024045516195	0.008	0.13	15	14	Trans.Med	M3	0.00429743986730768	ENSG00000128285	ENSG00000280283	chr22_40481000_T_C_b38	WholeBlood	3.13413567036016e-29
4795	3	1.7519	23	10.0919	0.863496088512219	7.02601319641042e-06	0.768663858197607	3.53962862588092e-06	0.195339484718958	2.97978997030972e-05	0.092	0.880133363033977	-3.64974270313191e-06	0.786	0.028	21	14	Trans.Med	M3	0.0030138466412637	ENSG00000072135	ENSG00000253225	chr2_130355905_G_C_b38	WholeBlood	2.66668742111601e-13
4829	5	3.4781	29	16.592	0.0179849855526791	0.000269207826176599	0.0582556398533701	0.000331995242218968	0.976398376711109	4.2156817978719e-06	0.916	0.0996948498707457	0.000234789545028107	0.036	0.04	16	10	Trans.Med	M3	0.00485159154883696	ENSG00000142396	ENSG00000232612	chr19_58315155_T_G_b38	WholeBlood	5.08037836410966e-28
5417	1	0.7903	22	12.9723	0.136121457362539	-0.000182152865422488	0.404274517587793	-0.000264197947763211	0.0681482085832775	-0.00039338755219121	0.014	0.45809362150477	-0.000163747778878138	0.344	0.006	22	1	Trans.Med	M3	3.18430369325995e-05	ENSG00000101199	ENSG00000274663	chr20_63285889_A_G_b38	WholeBlood	0.0137593073891631
8308	8	5.4685	26	14.6655	0.227877664537183	-7.77779037293701e-06	0.230412516098564	-8.75329090594397e-06	0.136996837655079	-9.49085625654885e-06	0.094	0.177047578295653	-8.64059026794295e-06	0.12	0.028	9	9	Trans.Med	M3	0.00310900604467435	ENSG00000102144	ENSG00000253031	chrX_77444025_G_A_b38	WholeBlood	1.41370321849307e-46
46	1	0.9069	24	13.1498	0.11619584696676	-0.00229613714202792	0.00300045821604509	-0.00115835515798956	0.011841902580893	-0.00194772021993851	0.004	0.0112970478771775	-0.00196216685902981	0.002	0.104	20	8	Both	MO	0.0026841905631676	ENSG00000279672	ENSG00000204695	chr11_780321_C_CTG_b38	WholeBlood	0.0692989740293796
979	6	4.5698	24	16.6544	1.20434402891063e-07	1.61685728713941e-05	0.0001148309292869	2.35952549175002e-05	0.000130446554157565	1.53847879619324e-05	0	4.02692925385244e-05	1.73810448887704e-05	0	0	13	17	Both	MO	0.000501612000402885	ENSG00000211649	ENSG00000224027	chr22_22368809_T_G_b38	WholeBlood	3.88907328999345e-07
2058	0	0	31	13.4881	0.0388710982878804	-0.566543800769774	4.14263631801953e-05	-0.269559463995671	7.15693935513743e-06	-0.601979784785123	0	2.23389527331224e-06	-0.652024965146325	0	0.014	26	11	Both	MO	6.3893953444305e-05	ENSG00000245532	ENSG00000225972	chr11_65429922_G_A_b38	WholeBlood	0.000233153440445844
2374	6	4.8849	33	18.4171	0.134372829463454	-0.055206389867	0.00264834380784532	-0.0237842171766785	0.326462353458012	-0.0180895460940767	0.102	0.000101934051361181	-0.0723815734468384	0	0.06	19	18	Both	MO	0.00243731115818191	ENSG00000069493	ENSG00000170632	chr12_9668986_G_C_b38	WholeBlood	0.0715491204738177
3064	3	2.0032	32	17.9512	0.375518595655518	-0.574002860581824	0.00325144487948181	-0.139344282175597	0.000231780915664928	-0.718678567100524	0	0.00356606762431747	-0.566361982755496	0	0.284	27	1	Both	MO	0.004781517475964	ENSG00000143702	ENSG00000266709	chr1_243264850_T_G_b38	WholeBlood	0.185153366568124
3921	4	3.0021	39	20.8408	0.000230434957168814	0.151118329115429	9.0626115336851e-06	0.135787495655443	0.0131117228690757	0.0833088552003288	0	3.13668436797437e-07	0.173535498606686	0	0	14	9	Both	MO	5.39505180863209e-06	ENSG00000064932	ENSG00000096060	chr19_1119700_A_G_b38	WholeBlood	6.70232831184331e-05
3984	0	0	30	17.2625	0.00417811235206509	-0.031599413905951	0.000314942870676625	-0.0218649702479671	2.52579089230702e-06	-0.039544281692386	0	2.23645393167774e-05	-0.0372965830610307	0	0.006	23	16	Both	MO	0.000319080302857655	ENSG00000087253	ENSG00000174788	chr16_55530885_C_T_b38	WholeBlood	0.00836607788444061
4103	3	2.5603	24	13.3899	0.01219153611616	-0.0395640266037167	0.00240865330858414	-0.0313212925681472	0.807882795730201	0.00328922173159026	0.734	0.00548430857709221	-0.036020181715128	0	0.002	18	10	Both	MO	0.00204695353219253	ENSG00000166405	ENSG00000172155	chr11_8125865_T_C_b38	WholeBlood	0.00245862913839453
4135	3	1.5478	36	17.0208	0.456011181368074	57.0600366889583	0.0132130805166936	13.0066178304631	0.876915837322714	3.5887621283466	0.78	6.38681377749756e-05	92.396601573621	0	0.288	29	1	Both	MO	0.00230323360887796	ENSG00000254395	ENSG00000239839	chr14_106012330_G_C_b38	WholeBlood	0.256909052788891
4169	2	1.622	44	21.4012	0.109347021727226	0.000195635879772608	0.00304055110568801	9.98135194672769e-05	2.22115236058176e-05	0.00028599467465721	0	0.00335015848644695	0.000194502650961068	0	0.042	24	4	Both	MO	0.000530191857517348	ENSG00000095139	ENSG00000230229	chr11_118604004_CA_C_b38	WholeBlood	0.0246160173560227
4947	1	0.5722	25	14.1605	0.0867056151234012	-0.0836921329042197	0.00290922417178234	-0.04405820566559	2.10924489014008e-05	-0.119636416803742	0	0.0024032655244231	-0.0851233727588407	0.002	0.084	25	8	Both	MO	0.00209557542467831	ENSG00000198142	ENSG00000234546	chr2_109559035_G_A_b38	WholeBlood	0.131613386741211
5116	3	1.2245	43	21.1166	0.221992493032171	-0.000545406677706314	0.00128088266862134	-0.000221103365999637	0.00141351191514444	-0.000546963969304432	0	0.000805127971481105	-0.000562797667285485	0	0.156	25	9	Both	MO	0.00101574757415235	ENSG00000141540	ENSG00000218689	chr17_74283369_A_C_b38	WholeBlood	0.0797072084244286
5331	0	0	39	17.5138	0.169888678448872	-0.654479956124418	0.00459001005725923	-0.271585471678388	0.00928609277642421	-0.623989314941239	0.002	0.00360621840769163	-0.677373630528142	0	0.09	33	10	Both	MO	0.00201284895082665	ENSG00000082074	ENSG00000225972	chr5_39293241_A_G_b38	WholeBlood	0.0434538590713133
5614	1	0.9069	21	11.6482	0.208614059578411	-0.000307500979935993	0.0566001817322904	-0.000147024455378781	0.00452262856308584	-0.000468372033224593	0	0.954139876432208	-9.17243036017524e-06	0.888	0	24	2	Both	MO	0.000181869799933621	ENSG00000139613	ENSG00000171804	chr12_56156806_T_A_b38	WholeBlood	0.649530668941231
5812	0	0	32	17.244	0.0502225829706629	8.14334575067323	0.0163028952171835	5.52214424076802	0.0169815082828629	7.90024363602713	0	0.0628121983314752	6.36662683081083	0.014	0.014	29	9	Both	MO	0.00459124874512162	ENSG00000165572	ENSG00000225972	chr13_41120964_A_G_b38	WholeBlood	0.00432397816850127
6037	1	0.551	25	14.6092	0.745188637279987	0.0593153154333609	0.00380254421007585	0.0066704426568157	0.00151504530493712	0.0647755971519491	0	0.0316174090632176	0.0437145073966167	0.018	0.666	19	16	Both	MO	0.00314326803198672	ENSG00000130598	ENSG00000205307	chr11_1844782_C_T_b38	WholeBlood	0.906123498399529
6125	4	3.3641	30	17.2483	0.164334938388787	0.00471998968523116	0.000190802767671291	0.00156106574645339	3.59259094413158e-06	0.00558850018243703	0	1.9382526109283e-06	0.00600636458303654	0	0.154	24	2	Both	MO	0.000245403697191726	ENSG00000143882	ENSG00000229562	chr2_10413751_A_G_b38	WholeBlood	0.604467665246017
6128	6	4.426	26	15.2354	1.41820631308291e-05	-0.00404749407374262	1.34587607284054e-05	-0.00306550422153731	8.32211062573768e-08	-0.00499608596099943	0	8.37425352522562e-06	-0.00415670092788223	0	0	15	1	Both	MO	0.000345526124987394	ENSG00000131381	ENSG00000256630	chr3_15070831_G_GT_b38	WholeBlood	8.6104055779469e-07
6573	3	2.3475	37	18.8031	0.0533942954620313	-3.27512152442575	0.00109468738392256	-1.84106673733729	6.81604161538522e-05	-3.99654752847384	0	3.52445435900113e-05	-4.17486958400359	0	0.024	21	7	Both	MO	0.000386046974173659	ENSG00000153933	ENSG00000111843	chr17_57008100_C_G_b38	WholeBlood	0.104405862447204
6628	0	0	29	12.8913	0.0460357440625731	50.251299497212	0.000961782289436069	29.6223664700773	3.34384412913143e-10	91.2873944929726	0	0.110958753444297	24.0608900719479	0.088	0.042	26	15	Both	MO	0.000316035347986743	ENSG00000233084	ENSG00000225972	chr1_248926326_A_G_b38	WholeBlood	0.0136600955271677
6703	0	0	17	9.6105	0.0972482611377898	0.000717565701748281	0.0273025927438195	0.000530149596818543	1.08850066244511e-05	0.0013868830042908	0	0.00840214007717221	0.000863458994692833	0.002	0.026	16	9	Both	MO	0.00177289881040488	ENSG00000185304	ENSG00000250001	chr2_87709831_T_C_b38	WholeBlood	0.283337020800038
6756	3	1.6885	22	11.0538	0.511174363810842	-0.000137269278728108	0.373586008509912	-8.60773050091703e-05	0.768396527885813	4.38354203493353e-05	0.764	0.463950047208144	-0.000112817696994511	0.394	0	21	18	Both	MO	0.000638968395227257	ENSG00000105755	ENSG00000212411	chr19_43688574_G_A_b38	WholeBlood	0.562422235158354
6779	6	4.0464	38	20.3903	0.00612967707956614	0.207256800583531	0.00453812579534463	0.166649403656526	0.00327066201773441	0.209163184563277	0	1.21747381326756e-06	0.353246359176386	0	0.002	24	1	Both	MO	0.00348079234508458	ENSG00000059758	ENSG00000124789	chr12_96416733_G_A_b38	WholeBlood	0.00765609748304601
6917	2	1.6481	42	21.7805	0.0689356538451808	0.000209794556821134	0.00109836335230824	0.000114615918898997	0.000374573497950252	0.000233932519757113	0	0.00734384225081337	0.000167813996719626	0	0.178	24	2	Both	MO	0.0029767333752535	ENSG00000140511	ENSG00000283431	chr15_88048882_C_T_b38	WholeBlood	0.0223017371570787
6949	0	0	24	12.394	0.0711284304486948	-0.0127277573040861	0.00141351141008726	-0.00677738248925489	2.58629011038012e-05	-0.017892756373607	0	0.000884154985364904	-0.0131067408201649	0	0.058	17	10	Both	MO	0.00151533949443805	ENSG00000137210	ENSG00000257752	chr6_10724327_A_G_b38	WholeBlood	0.167081015108475
6975	3	2.2595	30	16.9875	0.0772061113965615	0.0396068422060056	0.00178131937756229	0.0213450480858126	0.00764258299801584	0.0344595718950881	0	0.00233158883325876	0.0393202596895699	0.002	0.066	24	12	Both	MO	0.00193428717876087	ENSG00000131844	ENSG00000272142	chr5_71633683_A_C_b38	WholeBlood	0.0416044679514141
7054	1	0.6158	35	17.0141	0.2507964216241	-0.0732452039168934	0.00094664989764139	-0.0209147970855176	0.000511472421051097	-0.0806496654922725	0	0.00112104020387754	-0.0721523820939262	0	0.332	27	3	Both	MO	0.00146761713674581	ENSG00000187678	ENSG00000199963	chr5_143022640_T_G_b38	WholeBlood	0.441371558085569
7080	2	1.1386	30	17.6566	0.991514757170986	0.55905757114124	0.000592540186575015	0.00165345190132853	2.04404949056419e-07	0.80324363072565	0	0.148696982923141	0.232025488666627	0.03	0.93	19	2	Both	MO	0.000556941270399403	ENSG00000066455	ENSG00000127952	chr14_92832675_A_G_b38	WholeBlood	0.629218972637331
7154	1	0.9122	24	14.157	0.274455735227789	0.181976257335975	6.68191757608043e-05	0.0474115232850754	4.50865520775849e-07	0.230743913037498	0	0.137063197912759	0.0671313340698473	0.082	0.306	22	16	Both	MO	8.57674822363208e-05	ENSG00000241163	ENSG00000259448	chr3_72089803_G_A_b38	WholeBlood	0.0166064467788177
7270	0	0	44	19.3169	0.219497416710967	0.00176918463080217	0.0439048363914045	0.0010610332511065	0.000427964842370441	0.00307148698049655	0	2.82489592892721e-06	0.00416286451433879	0	0	24	11	Both	MO	0.00141125690126587	ENSG00000146122	ENSG00000148408	chr6_39818136_G_A_b38	WholeBlood	0.112645873849031
7371	0	0	25	13.2834	0.16960393259125	7.98965611313806e-06	0.778346057784433	3.0427546644099e-05	0.701587895409726	-1.07940882186118e-05	0.592	0.0371757215945576	5.92219849836154e-05	0.002	0	25	8	Both	MO	5.95467906094882e-08	ENSG00000153310	ENSG00000207434	chr8_130465906_G_A_b38	WholeBlood	0.062718570780877
7442	3	1.9119	44	24.4587	0.0217553141742698	-0.00378720896116357	5.03153909321345e-05	-0.00283739907178783	8.73157584018377e-06	-0.0041686591016008	0	1.35854579983667e-06	-0.00454231168675231	0	0	15	10	Both	MO	1.99161233926937e-06	ENSG00000137936	ENSG00000228944	chr1_94345681_A_G_b38	WholeBlood	0.00626173800057636
7728	0	0	26	10.8877	0.031901847217233	-0.838629702107947	0.000347803767089666	-0.482803392473771	0.000153247171887113	-0.852342435643978	0	0.00062301636133757	-0.807713782757168	0	0.002	23	11	Both	MO	0.000159941361909777	ENSG00000090104	ENSG00000225972	chr1_192577773_T_C_b38	WholeBlood	0.0664554789143703
7780	4	3.1526	25	15.2501	0.0309799747397149	0.00905845936986316	0.00136775038794956	0.00478791487277927	0.00027647626046877	0.0102212893752869	0	0.00497319975673857	0.00789169280317861	0	0.016	27	13	Both	MO	0.00154975869484364	ENSG00000127603	ENSG00000207264	chr1_39196982_C_T_b38	WholeBlood	0.0626107456663861
7883	2	1.4208	33	16.8913	0.000334319834258631	-0.0308425857076672	0.00333804283982516	-0.0338605064238985	0.0198186529179605	-0.024113790955609	0.002	0.00506509044527963	-0.0298291249725896	0	0	22	9	Both	MO	0.00449669146445997	ENSG00000167476	ENSG00000147804	chr19_2261022_T_A_b38	WholeBlood	9.28580956328996e-06
8483	2	1.5183	35	19.1374	0.0163557306307869	0.688042965620217	0.000386451603910369	0.356550130108749	6.89657261423279e-07	0.978625387068067	0	0.00106339294627156	0.638986948558934	0	0.014	29	14	Both	MO	0.000337953519060852	ENSG00000265491	ENSG00000268618	chr1_145510134_G_T_b38	WholeBlood	0.214327187967137
8553	2	1.7821	29	15.7173	0.117774147205665	1.79681796456574	0.00355797880183452	0.790711677388979	4.75936123965865e-06	2.80131937978423	0	0.0179478569169916	1.45593029006658	0	0.118	28	13	Both	MO	0.00403646298916582	ENSG00000114767	ENSG00000230202	chr3_51972389_C_A_b38	WholeBlood	0.0189375984306237
2147	2	1.6534	23	12.2384	0.0659506597388841	0.00102877183200781	0.0147380766618716	0.000719209036413682	0.00542895696866508	0.00119898854181946	0	0.0192036069352328	0.000991077809418685	0	0.044	20	7	Cis.Med	MO	0.00502249121189702	ENSG00000238243	ENSG00000276386	chr1_247857254_G_C_b38	WholeBlood	0.369842761774251
2547	2	1.1312	33	16.3891	0.980445296775508	0.0297619824349852	0.0774701432116951	0.000344536998267621	0.0229713888795545	0.0381370101263274	0	0.113109386533943	0.0263996842131021	0.052	0.618	26	3	Cis.Med	MO	0.00438630528221595	ENSG00000231475	ENSG00000262902	chr14_106354427_T_G_b38	WholeBlood	0.997883550670791
2697	3	0.6548	32	12.0485	0.395896516806824	-0.254833855094102	0.00786819981657523	-0.0781248279503842	0.0403898915805213	-0.199466164943828	0.006	0.00318961872454298	-0.284221802029235	0	0.06	19	12	Cis.Med	MO	0.000344887273890704	ENSG00000250479	ENSG00000253239	chr22_23765421_G_A_b38	WholeBlood	0.125270283041883
2914	1	0.6336	25	13.4754	0.830153819445277	-5.17801148830855e-05	0.0104385221223218	-3.59945122073915e-06	0.00125537168749329	-7.08867821811299e-05	0	0.00124857503094282	-6.53215117464705e-05	0	0.754	23	18	Cis.Med	MO	0.00179240442431006	ENSG00000101425	ENSG00000263749	chr20_38313235_T_C_b38	WholeBlood	0.624171109895761
3360	2	0.4251	37	12.0895	0.0436929231560532	-0.00017276811040301	0.0170435084333191	-0.000133990264345274	0.013246332342418	-0.000174190908085949	0	0.00799227707189665	-0.000191708597546076	0.002	0	22	12	Cis.Med	MO	0.00624398209798449	ENSG00000166313	ENSG00000274212	chr11_6406787_C_A_b38	WholeBlood	0.0563934170379729
3541	1	0.8699	25	13.9607	0.045553424714518	-0.000736105309004543	0.00760476975319082	-0.000425159356450109	0.00169812300143636	-0.00084615463769372	0	0.00406445174498181	-0.00078498074895046	0	0.022	26	3	Cis.Med	MO	0.00499725816821672	ENSG00000171603	ENSG00000227535	chr1_9650763_C_T_b38	WholeBlood	0.00285616405570883
3952	0	0	27	13.9156	0.0481005537020124	-1.00938618818527	0.000856260279702903	-0.580339971366152	0.000331300708914865	-1.0978908898464	0	1.11128563696384e-05	-1.33879153291461	0	0.016	21	14	Cis.Med	MO	0.00415535654443699	ENSG00000211764	ENSG00000225972	chr7_142762515_T_C_b38	WholeBlood	0.309543593197444
4338	5	2.435	26	13.9602	0.669836373781683	2.0741321828397e-05	0.166431109721731	4.83467200922508e-06	0.00428161422666538	4.26075643187935e-05	0	0.498463951296844	1.01816133690439e-05	0.306	0.172	27	8	Cis.Med	MO	0.000521028965842385	ENSG00000211956	ENSG00000206654	chr14_106181760_T_C_b38	WholeBlood	0.917476750128022
4747	1	0.0794	18	7.8244	0.0923481006529297	-6.65820411765476e-06	0.0184474050856021	-4.14524296254877e-06	0.000188321437698971	-1.05905644716865e-05	0	0.0684469800111843	-5.121053259396e-06	0.042	0.274	19	10	Cis.Med	MO	0.00367041761017894	ENSG00000167613	ENSG00000232314	chr19_54365144_C_T_b38	WholeBlood	0.309836334126471
5195	3	1.2697	26	13.1411	0.584627600784362	8.43931482365884e-05	0.293645768376496	3.2846855222368e-05	0.84042619499998	1.61051950341378e-05	0.728	0.0955443017846885	-0.000134894667271563	0.006	0	27	17	Cis.Med	MO	8.98334207022344e-09	ENSG00000156471	ENSG00000255368	chr8_96250469_TGGA_T_b38	WholeBlood	0.262842103040472
5822	5	2.997	24	12.9008	0.164002463225797	0.000232545830725148	0.117223279164922	0.000160352628114475	0.728830800986375	5.15318224325484e-05	0.588	0.863001179326986	2.56736503044161e-05	0.828	0	23	10	Cis.Med	MO	0.00601147280163405	ENSG00000103197	ENSG00000225582	chr16_2820949_G_A_b38	WholeBlood	0.0638760398245391
5888	0	0	37	17.037	0.223709118941789	-4.16237547932373	0.00321114219727535	-1.37864380337078	2.33354255843298e-05	-6.02011412548154	0	0.00110343903050751	-4.5640172068568	0	0.152	32	14	Cis.Med	MO	0.00221068659107537	ENSG00000121210	ENSG00000225972	chr4_153474981_C_G_b38	WholeBlood	0.0215676593763846
5919	3	2.1895	32	16.0348	0.929774408412446	3.40889464941724e-06	0.0212015880117598	-1.04989275224596e-07	0.00286088350328604	4.34241148947276e-06	0	0.00893796425412645	3.90656983620634e-06	0	0.896	24	5	Cis.Med	MO	0.00528610509125782	ENSG00000119917	ENSG00000276467	chr10_89366125_G_A_b38	WholeBlood	0.983505665420277
6068	0	0	15	6.3941	0.324704057869926	0.000258003299858788	0.049021242446308	0.000120043017631681	0.893231157112276	1.91147440239746e-05	0.91	0.00657808984971587	0.000356155197860968	0.006	0.098	14	5	Cis.Med	MO	0.000893119986654201	ENSG00000213939	ENSG00000226497	chr17_4406589_C_T_b38	WholeBlood	0.489432107376506
6138	4	2.4524	32	16.2457	0.000370253039741161	120.928466482694	0.00818763938568724	128.202658178009	0.00358635234157827	129.876903607091	0	0.00482756813605969	130.034436469301	0	0.002	29	1	Cis.Med	MO	0.00139042716225646	ENSG00000177303	ENSG00000225972	chr17_75522122_G_C_b38	WholeBlood	0.000289191109521317
6669	1	0.2149	40	16.0516	0.542423089840398	-0.000134678478549904	0.114082289934911	4.70542732966174e-05	0.53128365675796	-5.3286287586256e-05	0.4	0.396556029595727	-7.20646420830747e-05	0.246	0.778	24	3	Cis.Med	MO	0.00507048046253167	ENSG00000162241	ENSG00000206843	chr11_65389043_C_T_b38	WholeBlood	0.439788789608887
6689	0	0	29	13.6692	0.243124743210527	-0.00160595422883589	0.00994713710854278	-0.00069134948101039	0.00586224519247881	-0.00177208959030072	0	0.00456714762670681	-0.0017439659432265	0	0.06	21	3	Cis.Med	MO	0.00174789996362179	ENSG00000172159	ENSG00000242119	chr9_83272570_G_A_b38	WholeBlood	0.619291875944575
6784	1	0.658	34	17.9796	0.00726700929681601	84.6165636519754	0.0037927608559888	69.7694489434108	0.0754530785995493	52.8409273948844	0.016	0.00978105490032497	74.7869904971558	0.002	0.012	31	4	Cis.Med	MO	0.00512887331119116	ENSG00000100479	ENSG00000225972	chr14_49711026_A_ACT_b38	WholeBlood	0.0331011960040084
6851	3	1.507	24	11.4873	0.819128462025889	0.00112812155732039	0.157881883221894	0.000176861192241626	0.62038781996877	-0.000398986790186877	0.524	0.449308033866737	0.000615245647052505	0.372	0.404	19	18	Cis.Med	MO	0.00350711901520406	ENSG00000108239	ENSG00000270444	chr10_94311639_C_T_b38	WholeBlood	0.418607665382539
6896	5	2.6536	39	20.4015	0.947452288543116	-0.0181961565861326	0.0123013895957971	0.000485524628202832	0.00680921248655714	-0.0203303106976786	0.004	0.00109281657394756	-0.0241233091621953	0	0.89	14	11	Cis.Med	MO	0.00226808884538432	ENSG00000268573	ENSG00000265470	chr18_35280246_G_A_b38	WholeBlood	0.484847139922056
6921	5	1.5331	25	12.4758	0.743003183880356	0.00038268427812017	0.0885051705414916	5.95122524813677e-05	0.107667188860703	0.000355905585262798	0.024	0.00443751375211399	0.000647547918199582	0	0.086	22	14	Cis.Med	MO	0.000202165168794011	ENSG00000166801	ENSG00000212380	chr11_59142893_T_TTCGCTC_b38	WholeBlood	0.866549484858637
7004	3	1.8535	22	10.3782	0.990718020201375	-0.00339227154953497	0.0996612181444524	-2.38473027638654e-05	0.00475094664793521	-0.00581290921599674	0	0.173113333203236	-0.00278385361340541	0.082	0.766	19	10	Cis.Med	MO	0.00378720941624389	ENSG00000279277	ENSG00000265450	chr3_107371603_TG_T_b38	WholeBlood	0.55284256691228
7067	0	0	38	16.4636	0.0198227356754628	0.932556731272684	0.00944216925654964	0.714377421901659	0.327704629590469	0.337476440450928	0.228	0.0463685829490294	0.714613676604835	0.006	0.016	31	15	Cis.Med	MO	0.00620852655046211	ENSG00000161642	ENSG00000225972	chr12_53448130_A_G_b38	WholeBlood	0.000272465764541317
7138	3	1.5533	29	12.2206	0.0903078370391364	0.0175001580001277	0.00580100267782605	0.00943661289289109	2.455522744135e-06	0.0288670083695327	0	0.0305975690863606	0.0138195617807965	0.002	0.058	25	10	Cis.Med	MO	0.00381368250612413	ENSG00000106263	ENSG00000237674	chr7_2994305_C_G_b38	WholeBlood	0.143240514053895
7294	1	0.4087	25	15.0063	0.212879337217535	-0.000195413482229641	0.0296995254220415	-8.49636275099337e-05	0.0050090307323065	-0.000241724888968054	0	0.0445092263983013	-0.00018140127736637	0	0.094	27	1	Cis.Med	MO	0.00568795704456537	ENSG00000277978	ENSG00000212269	chr16_65931768_G_T_b38	WholeBlood	0.322900352404727
7383	2	1.3601	20	8.9665	0.882363866692085	6.56632811357053e-05	0.271056351368117	8.11119571388796e-06	0.679002187991548	2.40033903266859e-05	0.632	0.278628967671469	6.47536587078767e-05	0.14	0.05	18	16	Cis.Med	MO	0.00347566284330325	ENSG00000187257	ENSG00000230437	chr7_77081162_T_C_b38	WholeBlood	0.929412527353846
7416	5	3.7385	33	18.7664	0.0105197786933919	-0.000148094547824412	0.0147413784074381	-0.000129658865160851	0.00203576350520519	-0.000190154316039986	0	0.055445202834663	-0.000116982616100657	0.008	0	26	15	Cis.Med	MO	0.00224860845601071	ENSG00000003400	ENSG00000232787	chr2_201970434_C_T_b38	WholeBlood	0.00286852951922678
7575	1	0.3186	31	15.3139	0.31410775476059	-0.000669028635330324	0.000691195542105068	-0.000200676797533705	0.000776792949650337	-0.000632010059731545	0.002	0.0158809700874344	-0.000474568362413152	0.006	0.46	20	2	Cis.Med	MO	0.00435944875099747	ENSG00000233426	ENSG00000225147	chr2_57272849_G_A_b38	WholeBlood	0.154834481791856
7818	2	1.2043	20	9.2638	0.341658100115016	0.00295667808797003	0.0583371929743853	0.00142097137587406	0.318109518069249	0.00167679333268917	0.218	0.979216314781151	4.07994352850644e-05	0.984	0.008	18	5	Cis.Med	MO	0.00304775062262741	ENSG00000203778	ENSG00000220139	chr6_111993438_G_A_b38	WholeBlood	0.0291848574110847
7819	2	1.5279	26	13.2773	0.0279556468171942	0.00308462360417955	0.00197506588888698	0.00188763560334861	0.00137589374614255	0.00308885146417145	0	0.000411688134174624	0.0035263996963296	0	0.028	23	18	Cis.Med	MO	0.00172402475814248	ENSG00000248049	ENSG00000228358	chr4_67662742_C_T_b38	WholeBlood	0.0523696010337045
7975	1	0.8699	33	16.9987	0.161973570046226	-0.000220941229695736	0.00788574624188165	-9.50671676125653e-05	0.00126101670909643	-0.000277680829076462	0	0.186067210274274	-0.000110268327326104	0.062	0.068	27	5	Cis.Med	MO	0.00443365180500477	ENSG00000101972	ENSG00000223870	chrX_124438382_T_C_b38	WholeBlood	0.167150653802758
8112	3	1.9535	16	9.7667	0.870808751605605	-0.01626036255	0.470665508207288	0.00331043763247024	0.369155852283783	-0.0198648475299692	0.262	0.291574069757324	-0.0235148755667576	0.132	0.334	16	7	Cis.Med	MO	0.00480614181181571	ENSG00000272356	ENSG00000238423	chr6_111433344_G_A_b38	WholeBlood	0.841565544394004
8201	3	1.8228	22	8.7839	0.401133677429411	0.00141526036101946	0.234172194018119	0.00088329311002894	0.00699048896181462	0.0031903490659149	0	0.0220589580900487	0.0026945444001843	0	0.014	19	10	Cis.Med	MO	0.0025830138416072	ENSG00000048028	ENSG00000283740	chr11_113792122_A_G_b38	WholeBlood	0.371264769999675
8286	2	1.4511	21	11.7795	0.0434914175600645	-0.000533703570650547	0.0502641309587911	-0.000431256699646283	0.0401814068435058	-0.000576820095881084	0.008	0.00492490672882554	-0.00076715944432407	0	0	23	1	Cis.Med	MO	0.00454477500692518	ENSG00000135632	ENSG00000257115	chr2_73224999_AG_A_b38	WholeBlood	0.196826647627288
8360	4	1.6109	31	13.6924	0.239066373165622	-0.0035030464277972	0.0177766128990967	-0.00183826964665402	0.000112426662559635	-0.00578614826414182	0	0.00774667766261128	-0.00399991014531328	0	0.054	15	10	Cis.Med	MO	0.00377637317889268	ENSG00000231856	ENSG00000266645	chr13_51713310_C_G_b38	WholeBlood	0.213703730877609
8587	2	1.6121	35	18.7875	0.00063932524539516	-1.25483314938416e-05	0.0116774642451915	-1.50881366534909e-05	0.407877275530529	-4.20796783644584e-06	0.232	0.00295212687593151	-1.47959294892534e-05	0	0	20	15	Cis.Med	MO	0.00509102996568278	ENSG00000160685	ENSG00000235055	chr1_155013615_T_C_b38	WholeBlood	0.077343000817891
8684	7	3.9933	38	21.8739	0.441762470677625	0.0001652269939048	0.00635126970283152	-6.84366068478747e-05	0.102537124717034	9.79785290387802e-05	0.04	0.0221217201003515	0.000137607592736362	0.002	0.642	11	9	Cis.Med	MO	0.00573669462942772	ENSG00000114784	ENSG00000252568	chr3_40263722_T_C_b38	WholeBlood	0.491282179896572
8819	0	0	23	12.1817	0.047415638697658	-0.000187686820284241	0.0079392274552642	-0.000100750300091185	0.170338632142204	-9.79579869142512e-05	0.076	0.0179125760077122	-0.000169255752160349	0.004	0	25	15	Cis.Med	MO	2.06005665859266e-08	ENSG00000069329	ENSG00000252716	chr16_47516397_A_C_b38	WholeBlood	0.0532324509422326
1930	2	1.1312	31	14.5522	0.40161712108302	0.21307402463105	0.0581275472516795	0.0858236702737816	0.000752258365219168	0.378562105154274	0	0.125046622348715	0.173070092046512	0.058	0.162	29	8	Trans.Med	MO	0.00511042122421945	ENSG00000211955	ENSG00000225972	chr14_106389127_C_T_b38	WholeBlood	1.03518752395505e-05
1963	0	0	17	6.0769	0.950137410373665	1.17219476477231e-05	0.592535940157517	1.34429331974718e-06	0.121802300381046	3.54573720786208e-05	0.084	0.847217349238776	4.24808564825348e-06	0.812	0	15	8	Trans.Med	MO	2.51584675314831e-08	ENSG00000198466	ENSG00000220553	chr19_57818476_G_A_b38	WholeBlood	5.67403896174172e-07
2657	1	0.0847	17	7.3862	0.7774956230816	4.99458241356305e-07	0.744909055797915	3.56056571372005e-07	0.785327613494053	-4.22068828650689e-07	0.798	0.988346293419064	2.22543171902067e-08	0.896	0.042	19	6	Trans.Med	MO	3.93983559332511e-07	ENSG00000118181	ENSG00000251746	chr11_119008965_TTGGGTCAAAGTGGC_T_b38	WholeBlood	0.874155552457465
2662	1	0.9147	24	13.358	0.00058237514464956	0.00523507543404087	0.00417293785154088	0.00472778164963048	0.00143458795801208	0.00577272516399955	0	0.0116867935191963	0.00459416791917192	0	0.028	21	16	Trans.Med	MO	0.00475517994781693	ENSG00000130741	ENSG00000180574	chrX_24057745_A_G_b38	WholeBlood	1.69070332023897e-06
2880	2	0.34	28	11.1919	0.541391968345768	-8.27584864220187e-05	0.0107170691350118	-1.8984422546122e-05	0.000714078119475323	-0.000113504755551619	0	0.0450226417780124	-6.57863343522971e-05	0.012	0.552	22	14	Trans.Med	MO	0.000480735996793769	ENSG00000233306	ENSG00000260887	chr7_38167210_C_T_b38	WholeBlood	3.09933180666842e-18
3158	3	0.3054	25	10.5288	0.383038399348124	2.37983896532163e-06	0.480103830360896	2.48664412895047e-06	0.398763313957522	2.82909532747881e-06	0.32	0.842597421431438	-6.55074902692574e-07	0.802	0.102	22	3	Trans.Med	MO	6.66133814775094e-16	ENSG00000010327	ENSG00000249642	chr3_52495250_T_C_b38	WholeBlood	2.83313605509625e-08
4443	7	4.8052	27	14.589	0.0170142213792734	-3.80753745944273e-05	0.017654967475788	2.1894493135547e-05	0.000158468706022909	-6.13963095007114e-05	0	0.153615534696457	-2.27885528408739e-05	0.076	0	22	16	Trans.Med	MO	0.000381664186473563	ENSG00000158517	ENSG00000238452	chr7_75126852_C_G_b38	WholeBlood	2.4216195666242e-22
4767	5	2.1964	22	11.2404	0.818267354093324	9.94842543784869e-05	0.348340935197326	2.0934634590549e-05	0.27613372007762	0.000114948195226252	0.16	0.305977326481211	0.000108830580530774	0.216	0.754	19	8	Trans.Med	MO	0.00107696782887867	ENSG00000163812	ENSG00000212380	chr3_44967182_C_T_b38	WholeBlood	0.00190349727710535
5139	5	1.1864	28	9.9459	0.673519607117537	6.5711584511587e-06	0.513717349450041	3.53972569485004e-06	0.00829613264677853	2.69783327609639e-05	0	0.59522334297478	5.32458114120275e-06	0.532	0.572	22	7	Trans.Med	MO	5.5859744389597e-05	ENSG00000115307	ENSG00000199508	chr2_74729212_G_A_b38	WholeBlood	6.73500058433762e-13
5767	1	0.312	22	9.3235	0.299985776021563	-0.000189721352879533	0.138569927758025	-0.000130928155836294	0.805898103936891	3.14324043958819e-05	0.868	0.0694018952830092	-0.000231858228368308	0.022	0.024	18	8	Trans.Med	MO	0.00213276119819539	ENSG00000182481	ENSG00000227556	chr17_68976908_G_A_b38	WholeBlood	2.37709918350635e-11
6097	5	3.2951	19	10.0011	0.743040417095699	-4.5529703009408e-05	0.922684670226311	0.000123615642690913	0.636895839035371	-0.000221684380415907	0.354	0.691518387889121	0.000186503009337488	0.452	0.006	18	1	Trans.Med	MO	0.000103042506843343	ENSG00000183615	ENSG00000207838	chr1_32246914_C_T_b38	WholeBlood	1.41963796699399e-05
6320	6	4.4641	30	17.0125	0.068706064984636	0.0234636897163742	0.639543007606366	-0.0817973472202735	0.231654438824809	0.0593820900987452	0.132	0.152734775058825	0.0712355545691078	0.054	0.154	21	4	Trans.Med	MO	0.00243484920940329	ENSG00000176101	ENSG00000132541	chr9_137386970_TGCTCCCTGCCTGCCTCCCTCAGCACCCCC_T_b38	WholeBlood	6.06248726636497e-20
6458	0	0	34	14.5638	0.726659260686997	8.19119486871929e-06	0.891733418410807	1.92514606478851e-05	0.739287297144223	2.03266274108717e-05	0.674	0.498082870260487	-4.07078961116584e-05	0.356	0.024	26	10	Trans.Med	MO	0.000312641893027932	ENSG00000211752	ENSG00000264063	chr7_142715938_G_A_b38	WholeBlood	6.04082846931905e-22
6523	3	1.0699	20	9.1909	0.83890707807273	-0.000624987360168739	0.345976910530099	-0.000123849845667386	0.389714610704955	-0.000574137470744784	0.266	0.0970351470439291	-0.00109701072062096	0.028	0.566	17	6	Trans.Med	MO	5.15222733366016e-08	ENSG00000154957	ENSG00000252521	chr17_12569749_C_T_b38	WholeBlood	1.56161335281556e-06
6715	2	0.7418	19	7.0738	0.825367242765165	9.67024198134424e-07	0.629747913376632	4.05570958765484e-07	0.392518662875697	1.68175847655749e-06	0.374	0.137778748065429	2.99287713938893e-06	0.052	0.006	17	11	Trans.Med	MO	0.000412724774629725	ENSG00000100450	ENSG00000260332	chr14_24442297_TGCGCCGCCCA_T_b38	WholeBlood	0.000623051284918529
6853	2	0.4276	19	7.1793	0.465789804720496	1.76252005530363e-06	0.986482383481147	-7.30443738864273e-05	0.122750738171431	-0.000160146059282415	0.09	0.392359536663377	9.00382053826297e-05	0.362	0	14	15	Trans.Med	MO	1.02644093225024e-09	ENSG00000133561	ENSG00000201318	chr7_151412678_G_C_b38	WholeBlood	3.15999910650952e-07
6994	5	3.2213	22	11.0774	0.076807648031856	-0.000522392628240021	0.291683624995538	-0.000784351270354842	0.328343087402001	-0.000479833567404319	0.166	0.866989848381062	-8.39744477950779e-05	0.78	0	19	14	Trans.Med	MO	0.00284306906505938	ENSG00000138182	ENSG00000269509	chr10_90347252_G_C_b38	WholeBlood	9.74621134880767e-10
7290	5	1.1129	28	11.5691	0.402895042175108	-2.26766302753898e-05	0.576303593693353	-2.98100783511484e-05	0.233650678721082	-4.78543059294772e-05	0.106	0.204816491901573	-5.15894156091035e-05	0.076	0.642	22	7	Trans.Med	MO	0.0039688750692668	ENSG00000127540	ENSG00000207002	chr19_2389795_A_G_b38	WholeBlood	2.5065300025025e-15
7321	3	2.7338	23	12.6456	0.0130581621082816	0.00630974898477935	0.0033515547673065	0.00436948121336175	3.4486615561793e-07	0.0107961496932922	0	0.00123514535193174	0.00690055629665294	0	0.03	23	3	Trans.Med	MO	0.000690240915876439	ENSG00000276337	ENSG00000223536	chr16_88383550_C_T_b38	WholeBlood	0.000396986440577648
7364	1	0.0837	16	8.8763	0.790914557741985	-3.49022232869644e-06	0.974341950308542	-2.399360479847e-05	0.700574106638034	4.2863505245322e-05	0.616	0.440825904309008	8.32665943220512e-05	0.338	0.136	17	13	Trans.Med	MO	0.000489624625852114	ENSG00000213373	ENSG00000265465	chr17_43761225_C_T_b38	WholeBlood	0.451637600178179
7370	2	0.6725	24	11.922	0.754098929530713	-1.57478047677013e-05	0.910421381568043	-3.69127759183959e-05	0.451571955594602	-0.000107031624764015	0.34	0.942787241813425	-1.01340860457691e-05	0.954	0.012	24	19	Trans.Med	MO	0.00331384181222449	ENSG00000110315	ENSG00000274663	chr11_10553762_A_G_b38	WholeBlood	2.03463430552835e-06
7513	5	1.1343	23	10.5634	0.73696011080273	7.61376733586985e-06	0.884631242648588	1.57210433683881e-05	0.552522767489652	3.09357864295442e-05	0.404	0.0679093821486255	-9.55241989618121e-05	0.024	0.758	19	10	Trans.Med	MO	0.000355326149021895	ENSG00000125304	ENSG00000207938	chr13_98780667_A_G_b38	WholeBlood	1.68814163643662e-06
7765	3	0.1768	20	4.9312	0.80729840597148	-9.53366592525115e-09	0.908594353345859	-2.33036928648823e-08	0.748826654463355	-2.69609201006372e-08	0.74	0.621656541088509	4.08657329793693e-08	0.646	0.748	11	5	Trans.Med	MO	2.48687151782612e-06	ENSG00000000938	ENSG00000258894	chr1_27053301_C_T_b38	WholeBlood	1.63017385090828e-20
7770	3	2.4505	24	13.1253	0.573457302282175	0.00285244334067972	0.204806219609667	0.00114544522115762	0.00696953657362852	0.00617930578353072	0	0.0487824292138744	0.00439357758086048	0.01	0.038	23	7	Trans.Med	MO	0.00296976338132282	ENSG00000100578	ENSG00000279011	chr14_57992885_A_G_b38	WholeBlood	3.37581212752165e-05
8039	2	0.117	14	1.6766	0.521541439866894	1.37192466590311e-07	0.779567830910274	3.71790101459745e-07	0.814783494253791	1.14271574087682e-07	0.862	0.621552140348609	2.40682788570774e-07	0.632	0.064	6	8	Trans.Med	MO	2.22044604925031e-16	ENSG00000251562	ENSG00000233120	chr11_64927030_T_A_b38	WholeBlood	1.43113276036637e-20
8085	5	2.6355	30	13.6468	0.0300530002054712	8.41126310590019e-06	0.0855035277536812	9.06189858560731e-06	0.0547244442862427	9.6856570215824e-06	0.006	0.0203117217125077	1.12847581914402e-05	0	0.462	24	4	Trans.Med	MO	3.39096424273322e-08	ENSG00000109466	ENSG00000249842	chr4_165277994_C_T_b38	WholeBlood	2.09550417839745e-14
8102	0	0	29	13.7143	0.964503147562004	4.3316781803636e-05	0.695046552652824	-3.5898949963931e-06	0.310908001805765	0.000110485008023097	0.144	0.619553348778217	-5.48364766910862e-05	0.544	0.032	29	15	Trans.Med	MO	0.00296595862491911	ENSG00000169908	ENSG00000253489	chr3_148805574_A_G_b38	WholeBlood	0.0312106739604579
8211	1	0.7903	26	12.4129	0.305365965779819	-0.000110183750339115	0.389639381295621	-9.56644897194973e-05	0.257724598033966	-0.000145455142779683	0.108	0.702999494917634	-4.83165030473269e-05	0.578	0.076	26	6	Trans.Med	MO	0.00389475828807084	ENSG00000164548	ENSG00000252247	chr7_24301652_A_C_b38	WholeBlood	0.012837753800708
8392	0	0	27	12.4186	0.878403427040875	1.22192214490245e-06	0.787040811580263	5.98285238026619e-07	0.0551120689677504	8.57845857671126e-06	0.02	0.888162133530638	-6.26453565820258e-07	0.808	0.004	24	7	Trans.Med	MO	0.000911342138038007	ENSG00000172936	ENSG00000248387	chr3_38138612_C_CGGCGG_b38	WholeBlood	1.38073244211514e-08
8598	4	1.3266	26	14.4853	0.569563940145539	-0.000400745586025535	0.365279004066338	-0.00020984247027223	0.558402507471085	0.000256628008105532	0.484	0.916058668226604	-4.65402666092296e-05	0.84	0.516	23	15	Trans.Med	MO	0.00293716890509765	ENSG00000122952	ENSG00000212380	chr10_57193436_A_G_b38	WholeBlood	3.13699846596384e-05
8602	2	0.3264	16	5.3974	0.407357294572781	-3.19393008762299e-07	0.577126582683776	-4.81175818365181e-07	0.503477059750603	3.77931004016638e-07	0.478	0.156521016168977	-8.29568767067512e-07	0.126	0	11	14	Trans.Med	MO	7.72515074198843e-06	ENSG00000121316	ENSG00000186886	chr12_14671092_G_A_b38	WholeBlood	4.66962471793144e-13
8725	4	2.6683	29	12.0177	0.24964696928936	-2.21465974483646e-05	0.467636925247613	-3.18580287834812e-05	0.141607510670943	-4.53981798200319e-05	0.044	0.142254702939305	-4.47621042999308e-05	0.03	0.002	22	7	Trans.Med	MO	0.000143140794732322	ENSG00000165102	ENSG00000227995	chr8_43149271_G_A_b38	WholeBlood	5.70680091691929e-14
