Trio.Num	MRPC.Addis.class	Num.pcs.MRPC	Per.var.MRPC	Num.pcs.GMAC	Per.var.GMAC	Med.pvalue.MRPC	Med.coef.MRPC	Med.pvalue.GMAC	Med.coef.GMAC	STM.med.p	STM.med.coef	LTM.med.p	LTM.med.coef	Med.type	ADDIS.inf.Class	perm.reg.p	Tissue
10120	0	0	0	29	15.0729	0.486670998569472	-0.0168480273407543	0.00321568850805991	-0.00355885631727655	0.0295149240596329	0.0328918951760479	0.775885300608362	-0.00437815663668152	Cis.Med	M3	0.00279910871453293	AdiposeSubcutaneous
2657	0	0	0	5	4.0376	0.461219556667928	-1.18434230685203e-06	0.67127541237306	-1.89880386606231e-06	0.0923637253634475	-0.000244721944793762	0.753304288111454	4.65613010017369e-05	Both	MO	9.07340869105155e-12	AdiposeSubcutaneous
126	0	0	0	12	6.2862	6.11655893131954e-05	-616.240503838552	1.29609220390171e-05	-588.945734116168	0	-616.235584846643	2.23726320539473e-146	-616.23729820031	Both	M3	1.56940013797957e-05	AdiposeSubcutaneous
8080	0	2	1.979	22	14.4023	0.39049775158792	-0.0382828584697847	0.00111324244094731	-0.0102304130264567	2.18272420336086e-54	-0.0367529598403723	7.84551940977854e-43	-0.0357022900623388	Both	MO	0.000983312375150813	AdiposeSubcutaneous
1196	0	0	0	22	12.3487	3.93255506043022e-05	-2.67126043120926	0.000358482261134869	-3.14217765770226	2.05038233270053e-27	-2.45261269196258	3.57467870004461e-17	-2.3414294538204	Both	M3	0.000282575572315924	AdiposeSubcutaneous
4021	0	1	0.8339	17	9.9403	0.274298109069929	9.00053833631907e-05	0.204843916758352	6.62188269409177e-05	0.523996779296747	0.00278811861575926	0.136895480251752	-0.00662403150572485	Trans.Med	M3	0.019941319515937	AdiposeSubcutaneous
6350	0	3	2.3407	28	14.5284	0.096177868889932	445.168123548371	0.00724307730822917	224.01055839352	0	445.138158010799	2.47698505975853e-95	445.031852494476	Both	MO	0.00352949252480594	AdiposeSubcutaneous
8469	0	2	0.6981	31	14.4858	0.0351495370538625	-0.000144746507177185	0.0190511407230557	-0.000105270699410157	0.273969932650755	0.0139246529258831	0.99662997939176	5.47011705697672e-05	Trans.Med	MO	0.00813805967374659	AdiposeSubcutaneous
5552	0	3	2.7285	16	10.0905	0.870160610675262	-0.00215847086151956	0.364646351045736	-0.000327969612411735	0.587507386324783	-0.0233417945430587	0.249860830889255	-0.0498290981184677	Both	MO	0.000143481372609111	AdiposeSubcutaneous
4446	0	2	1.3003	13	6.3247	0.136477261094882	-0.000720567629325976	0.433295346870157	-0.00125531425002437	0.642807381894535	0.0271774089213773	0.386458247064259	0.0513237510447085	Both	M3	0.00343233426834133	AdiposeSubcutaneous
8771	0	1	1.0426	10	6.2238	0.702260244900522	8.796169616252e-06	0.819394314685607	-1.23541673445195e-05	0.394956773322097	-0.00137690455979414	0.306508945864048	0.00167483802545248	Cis.Med	MO	0.00199460167476495	AdiposeSubcutaneous
3654	0	1	0.6684	30	16.7664	0.441355161695592	-0.186855711001956	0.00104470960957558	-0.0407253572633728	7.83759378790392e-147	-0.197452067902597	2.64476996877245e-58	-0.184403378138977	Both	M3	0.0010617078446451	AdiposeSubcutaneous
8691	0	3	2.0565	13	7.8515	0.152009973179858	0.000183005285533374	0.211531437735902	0.00018584319681203	0.76428607516392	0.00406292476877457	0.135376534746872	-0.0204317626948321	Cis.Med	MO	0.000385043986007805	AdiposeSubcutaneous
6339	0	0	0	25	15.0581	0.00103935220325203	-1.88625475026367	0.000172646214201562	-1.64438054552139	1.57952017885575e-15	-2.06790295407082	6.78449143211633e-07	-1.35371667522994	Both	M3	0.000194001998913951	AdiposeSubcutaneous
2889	0	2	2.1332	16	10.3872	0.278740937450124	-0.00124787414442293	0.0104536419536107	-0.000431898733240725	0.608005034707048	-0.0201651923043698	0.270659939769773	0.0441532174919391	Both	MO	2.47091510807707e-07	AdiposeSubcutaneous
2148	0	1	1.0906	10	6.3024	0.285544963045521	-3.13100829116997e-05	0.769449545672322	0.000107856085918102	0.951955945373519	0.00256449082164716	0.14540264523371	-0.0628104909440504	Both	M3	4.9942076922882e-06	AdiposeSubcutaneous
10766	0	0	0	29	16.3836	0.0640087499159035	0.00285222812133298	0.000949686270164385	0.00160065823516748	0.00695641228266816	-0.129873032580661	0.870762181140961	0.00801126256350209	Cis.Med	M3	0.000398086334770786	AdiposeSubcutaneous
8405	0	4	2.5418	10	6.5392	0.390177672864538	0.000166831694725409	0.427142893194475	0.000159365785666976	0.814279569784455	0.00431986149481465	0.194791425289652	-0.0240523157777959	Both	M3	0.000360053151882145	AdiposeSubcutaneous
6479	0	1	0.4949	16	10.0965	0.0785572959916902	-0.000573121251381176	0.0256148801181414	-0.000367857542543821	0.925655096564881	0.00664424205742147	0.0253367254978226	0.160705432880925	Both	M3	0.00176636543366815	AdiposeSubcutaneous
6204	0	0	0	16	8.5534	0.752755562991401	2.76064299085979e-06	0.342654906486157	-7.7728410912584e-07	0.864353486446642	-0.000204027935410292	0.581716533414327	-0.000669456249858449	Both	MO	1.64462616321082e-05	AdiposeSubcutaneous
11309	0	1	1.2459	12	8.0509	0.611832308152251	-0.0150528820921901	0.250455987113485	-0.0056690679351478	0.162948241538299	-0.424225393707326	0.872079028367515	-0.0493466510467696	Cis.Med	MO	0.00112673396517149	AdiposeSubcutaneous
3577	0	1	0.2953	23	11.5012	4.43199929970207e-12	0.0245070797089642	8.73570262751159e-07	0.0276845139097873	0	0.0247267389734767	1.48391818656947e-176	0.0244042566544893	Both	MO	9.57546143265375e-07	AdiposeSubcutaneous
453	0	0	0	7	4.684	1.591579289101e-06	-11.2871319882359	1.08604084775545e-05	-12.3320450680211	1.51058045972795e-217	-11.0692248668438	8.64793235878282e-90	-11.3953807924571	Both	M3	5.83911151927907e-05	AdiposeSubcutaneous
5782	0	3	2.2889	16	10.2756	0.333901937715371	-2.36652162882485e-05	0.0460612089315957	-9.83416085089128e-06	0.699435223699377	-0.00104627564194301	0.113332150977986	-0.00437777901642877	Both	M3	0.00215670389987199	AdiposeSubcutaneous
1134	0	3	2.414	22	14.9794	0.0408106323593924	2.77529136176581	0.00444132806410451	2.22361343555569	4.92568133482421e-83	2.76111849352569	3.04853421814079e-44	2.80546482302461	Both	M3	0.00292014930417239	AdiposeSubcutaneous
5764	0	3	2.8873	19	11.1732	0.923137665671311	-0.000208171779884639	0.505642239130631	2.32589338633729e-05	0.377519758516307	0.0319073640940483	0.454895342413226	-0.027516190771808	Both	MO	6.86250112291731e-08	AdiposeSubcutaneous
9774	0	1	0.9363	14	7.9322	0.834076105717643	-2.10636619044766e-05	0.829376362230934	-1.97436487082693e-05	0.135880704097951	0.00456023659711619	0.650728773288286	-0.00140377069700876	Trans.Med	MO	0.430103053666311	AdiposeSubcutaneous
3236	0	0	0	20	13.0058	0.275451871545856	0.0653771681342473	0.00776147190186204	0.0273220359862047	0.310860329233648	0.10158391708319	0.690745017024208	0.0404821905718062	Both	M3	0.00265081245759635	AdiposeSubcutaneous
3636	0	2	1.786	14	10.1037	0.000712517794469921	0.00225536918698821	0.00018161818538256	0.00188747550302536	0.02518046478674	-0.0772520907179416	0.503375194316317	-0.0235868137541153	Both	M3	3.31017331145489e-06	AdiposeSubcutaneous
10130	0	3	3.1224	8	4.6979	0.678884255718444	7.02947790202628e-05	0.00161196746165571	-6.95070370934197e-06	0.509086003827106	0.00268346163139514	0.780611871556631	0.00115268598023361	Cis.Med	MO	0.000240527929735723	AdiposeSubcutaneous
9	0	0	0	25	12.9331	1.4249690945688e-127	0.0855739705860442	2.16161163717081e-69	0.0903901358116792	0	0.0855117574662125	0	0.0855092538948525	Both	M3	0	AdiposeSubcutaneous
3645	0	1	0.5045	20	9.5031	0.376850637349554	-1217.97962214161	0.000540323903244799	-298.833516393215	0	-1218.37384184598	6.60209692549419e-179	-1217.64171982143	Both	M3	0.00219724272104171	AdiposeSubcutaneous
5782	0	3	2.2889	16	10.2756	0.333901937715371	-2.36652162882485e-05	0.0460612089315957	-9.83416085089128e-06	0.699435223699377	-0.00104627564194301	0.113332150977986	-0.00437777901642877	Both	M3	0.00215670389987199	AdiposeSubcutaneous
2169	0	2	1.8111	13	7.9529	0.581271281484225	0.000165625561286881	0.279117880471206	7.74501281525081e-05	0.831699698511616	-0.00985298981724777	0.815567741527288	-0.0110030848379377	Both	M3	0.000658519370954735	AdiposeSubcutaneous
10990	0	1	1.0906	15	8.8685	0.389665723113384	-0.00180338488843495	0.0275077166891761	-0.000637448000799939	0.303805059228599	0.0835237652738016	0.142802689248622	-0.120987389263716	Cis.Med	MO	1.00966190963447e-08	AdiposeSubcutaneous
2982	0	1	0.5555	18	9.4345	0.808183968842153	1.39597472317154e-05	0.84643437234795	-1.44668318643708e-05	0.792647925894016	-0.00175218319638453	0.604150448144318	0.00354808935843389	Trans.Med	M3	0.829653844058571	AdiposeSubcutaneous
1656	0	1	1.0906	12	7.7895	0.930582755191925	-9.78848340150033e-05	0.399445444395813	-8.70065018122173e-06	0.380477427842546	-0.00505255243924493	0.884800072801917	0.000844336227102591	Both	M3	3.12308396090977e-05	AdiposeSubcutaneous
4070	0	2	1.5959	19	11.8695	0.00755898755100648	0.023850417484758	0.0015728757834443	0.0194706932152049	0.346069826098149	-0.053952621018978	0.514420374591514	-0.0381734165563809	Both	M3	0.000639790669740847	AdiposeSubcutaneous
3820	0	0	0	21	11.6167	0.300405631388999	69.6716249979375	0.00118546257395503	20.7355161457488	0	69.674996222101	5.18682303830035e-66	69.6561688767852	Both	M3	0.000760270865038049	AdiposeSubcutaneous
6204	0	0	0	16	8.5534	0.752755562991401	2.76064299085979e-06	0.342654906486157	-7.7728410912584e-07	0.864353486446642	-0.000204027935410292	0.581716533414327	-0.000669456249858449	Both	MO	1.64462616321082e-05	AdiposeSubcutaneous
1051	0	1	0.2953	24	11.6842	4.57538665056396e-45	0.126381750246291	4.35108959754031e-21	0.149281796097279	0	0.126474610045612	2.62598605161281e-315	0.126480436345579	Both	M3	0	AdiposeSubcutaneous
8405	0	4	2.5418	10	6.5392	0.390177672864538	0.000166831694725409	0.427142893194475	0.000159365785666976	0.814279569784455	0.00431986149481465	0.194791425289652	-0.0240523157777959	Both	M3	0.000360053151882145	AdiposeSubcutaneous
1944	0	0	0	11	5.4106	0.892771967135189	0.00384480256021992	0.373638233946563	0.000548673057835203	0.788719333404162	-0.0201457116268385	0.811476011154701	0.018141987354987	Both	M3	0.00154601610526495	AdiposeSubcutaneous
1178	0	0	0	27	15.899	3.24565814954442e-05	-0.0389095109214305	0.00285774598601342	-0.0440288139205694	0.00207352142197008	-0.0299993990613656	1.25977621633781e-05	-0.0443799322677015	Both	M3	0.00280605060836958	AdiposeSubcutaneous
1755	0	2	1.8766	9	5.542	0.137645323887952	-6.46828962348546e-05	0.180931581612916	-6.70843559143201e-05	0.215646442752853	0.00326299579816441	0.067873762823025	0.0049071191537149	Both	MO	0.00341473037786	AdiposeSubcutaneous
2829	0	3	2.6311	15	9.633	0.000428444829290004	0.00365755006154657	0.000775705939509433	0.00328340053806609	0.870662015418915	0.00191156135978608	0.293607116597588	0.0124876635566041	Both	M3	0.000805256790881392	AdiposeSubcutaneous
2299	0	2	2.1332	16	9.3444	0.831797460442358	-0.000100738666690093	0.274495875758074	-1.56259181955889e-05	0.777221883403776	0.00296686043956346	0.654971540215035	0.00476203889281376	Both	M3	2.22862150955905e-09	AdiposeSubcutaneous
10097	0	1	1.2459	26	14.9291	0.0248445011277054	0.0101591207718305	0.000499985226938511	0.00597190870807147	0.106275797949736	-0.155502246361616	0.600817393659659	-0.0510396566135555	Cis.Med	MO	0.000289928415422747	AdiposeSubcutaneous
8881	0	4	3.5547	29	17.6666	0.140778046465271	0.747232699379856	0.00365597168449954	0.333890975562545	1.31666837935864e-174	0.741158567544094	4.49284035539515e-71	0.769322086670006	Cis.Med	MO	0.00335116993601536	AdiposeSubcutaneous
7120	0	3	2.5227	15	10.6904	0.295194155233836	-0.00156148414292465	0.0563095498780225	-0.000726243309889565	0.499916973009122	-0.0600956390818293	0.732419471244076	0.0305867730400465	Both	M3	0.00147143739623412	AdiposeSubcutaneous
9770	0	0	0	9	6.4139	0.838059250861324	0.0087911958895225	0.410038980056957	0.00196476762269139	0.825951770652332	0.050425013778914	0.163506678313405	0.313101243223328	Cis.Med	MO	6.24675915770201e-05	ArteryTibial
7213	0	1	1.2405	16	11.5489	0.54261876435218	0.00167745342581056	0.257358479759264	-0.000707263223352172	0.944813119423073	0.00475843615872712	0.0231181610989075	0.157895515409932	Cis.Med	MO	0.00026898328050784	ArteryTibial
3657	0	2	1.8102	16	10.3971	0.213959029519314	-9.44417044479451e-05	0.656719416839867	-0.000206266460548838	0.258507869168248	0.0157587616305917	0.555069436223993	0.00835829728522712	Both	M3	1.96810900909838e-08	ArteryTibial
313	0	3	2.8592	19	13.1307	2.27888435607116e-11	0.376025190181051	9.00009296614262e-07	0.460506111681908	1.82703084698083e-194	0.365667723582242	4.85805037298229e-97	0.385790428159457	Both	M3	1.24462618433796e-07	ArteryTibial
1769	0	3	2.1785	26	13.8331	0.741682819674368	-4.42436181543474e-05	0.000896117394251504	3.20000353056646e-06	0.71962640226264	0.00055519788098543	0.156008995457572	-0.00221913179068113	Cis.Med	MO	4.8825468601521e-07	ArteryTibial
10194	0	3	2.3442	16	9.8948	0.550301313108621	-0.00142915817372905	0.0879246938671911	-0.000399477781983737	0.505766597137373	0.0203056177626127	0.157802368198884	-0.0441091881908124	Cis.Med	MO	0.000326010327369897	ArteryTibial
2197	0	0	0	14	8.8662	0.0316867863455851	-0.000713821124967161	0.26310747268956	-0.00118981419439207	0.18840615452741	-0.0660544111803514	0.41516347574806	-0.0419662811344354	Both	M3	0.000758010348225202	ArteryTibial
8602	0	1	0.8869	14	9.0605	0.136990867846435	-0.00137437594381833	0.00683650187596226	-0.00072811451476847	0.0101315018706141	-0.160282099304696	0.758922462482082	0.0195788980342955	Cis.Med	M3	0.000992634453632846	ArteryTibial
5649	0	1	1.2405	11	7.153	0.143331674501853	-0.00153426550148095	0.0495369633899882	-0.00106987244508917	0.518281879786815	0.0619093371833789	0.899751474737007	-0.0123543660182589	Both	MO	0.0014914371835304	ArteryTibial
519	0	2	1.6128	17	10.3515	0.0157712202243398	-2.71650183652712	0.00264710819464719	-2.21667997382684	6.32773631035824e-182	-2.73143409903761	9.84876686020176e-57	-2.64163299398728	Both	M3	0.00260076773110263	ArteryTibial
6006	0	0	0	14	8.7568	0.979806758041688	-0.000150225219866725	0.579508823135239	5.87451179753529e-06	0.202956232965072	-0.0160863646589524	0.911422166104933	-0.00142840353121136	Both	MO	0.00182761295968636	ArteryTibial
2790	0	2	0.6595	22	10.3473	0.10438543155937	0.0461609208278335	0.000667368353515504	0.0243998367539675	0.971481041994465	-0.010969054824987	0.0726300398447252	-0.563656331066445	Both	M3	0.00200878607332911	ArteryTibial
6570	0	4	3.5632	26	15.3682	0.0247256312557049	0.107905886060073	1.67966512601572e-07	0.051916752693193	1.25643565100947e-25	0.117134924499304	7.3212033013726e-27	0.123901263024149	Cis.Med	MO	0.000118477910375114	ArteryTibial
3323	0	2	1.6694	13	8.2437	0.634802546160796	-7.1465608567917e-05	0.151931907303572	-2.08317955111306e-05	0.343137726504805	-0.00896774949254884	0.443994978225718	0.00736938275237817	Both	M3	1.84558857085904e-09	ArteryTibial
7013	0	1	1.2405	20	12.5822	0.881311243423963	-9.57011356783753e-05	0.34144271041454	-1.16972377522983e-05	0.430230088753786	0.0144113596117951	0.31884690399852	-0.0185102209095377	Both	M3	0.00219312304262509	ArteryTibial
10235	0	2	1.6048	14	9.1375	0.580074674334545	-1.33686685894469e-05	0.696019202238271	1.54775604227788e-05	0.867509485492809	0.00316655362467185	0.690350571523341	0.00770959235068061	Cis.Med	MO	7.11577024636867e-07	ArteryTibial
6445	0	0	0	11	8.2957	0.123029334219471	0.000526199480583723	0.0413860966639835	0.000332040452243727	0.0308182611622856	0.0173784656925113	0.819128281228258	-0.00187094609186701	Both	MO	4.59817561804243e-09	ArteryTibial
1745	0	0	0	14	8.0877	0.215091889116621	7.65474042912747e-05	0.100380205916233	5.04269163190186e-05	0.450399516932725	-0.00177874372976024	0.42528358150912	-0.00193063749582687	Both	M3	0.00165508590808239	ArteryTibial
3473	0	0	0	12	7.3396	7.82217506696135e-07	0.258451294322145	8.71748647497218e-06	0.268181237182799	0.300310325014655	0.123017116908534	4.80381869895916e-06	0.562803642544802	Both	M3	9.93867455334474e-06	ArteryTibial
6834	0	2	2.1274	23	14.1388	0.000716370798371655	0.0597950858050422	0.0002042291910102	0.0535829412501609	4.0472922849631e-39	0.0664527001447801	3.61161334217319e-25	0.0589195149488375	Both	MO	0.000135173870731586	ArteryTibial
9733	0	2	2.1935	13	9.6949	0.933358729364181	-0.000154186940325883	0.321042124823374	-1.11488851916635e-05	0.416528655802618	0.00687980828679132	0.404816416973536	-0.00720802680469508	Cis.Med	MO	5.47794014593705e-08	ArteryTibial
11428	0	3	2.9142	18	10.7285	0.0774656978688784	0.307164028977898	0.00616723900752997	0.19208673846017	3.01710633702151e-07	0.310770795627405	6.07154711712405e-07	0.317058211664972	Cis.Med	MO	0.00284620052243301	ArteryTibial
1263	0	1	0.7259	16	11.0153	2.81792536798303e-05	-12.2871407865915	0.00194877780380849	-15.310880386802	0	-12.2060886102978	1.7285814932176e-95	-12.4745172731023	Both	M3	0.00232974747605086	ArteryTibial
2281	0	1	1.1855	13	8.6969	0.788596318066013	-0.00114349558582434	0.220692535154794	-0.00020547087153274	0.508716185004042	0.0765838783176621	0.202807836933478	0.149201611560978	Both	M3	0.000535313839509888	ArteryTibial
1178	0	3	2.4315	33	19.5338	0.00283945785402443	-0.0337912277474504	0.00119364669730962	-0.0280037752632541	0.107844658083951	-0.0337982024618282	0.652442497645875	0.00949575369657922	Both	M3	0.00296754612291372	ArteryTibial
950	0	6	5.2211	21	14.4085	0.0002250903985984	0.199425626877272	0.0022461150905302	0.223284673499896	1.41274060408243e-06	0.218962418007471	2.08864594715157e-08	0.262491832543349	Both	MO	0.00212420808825375	ArteryTibial
41	0	0	0	14	10.8504	5.17901031751675e-08	14.7817096147704	4.38016377013556e-06	17.1601717452015	0	14.8021257297251	2.99700281288507e-155	14.762936490306	Both	M3	2.22351063250414e-06	ArteryTibial
7043	0	1	0.5697	19	10.5037	0.365244723735415	8.51670997952869e-05	0.559130855191447	0.000104624114603505	0.60431632371104	-0.00357725805721017	0.524638280406232	0.00446824771989803	Trans.Med	M3	0.113658573933117	ArteryTibial
1284	0	0	0	16	9.399	0.376516084024957	-0.00019989045717032	0.0290798473930184	-7.64573105811295e-05	0.0172960170041182	0.00228970061403646	0.297523515990687	-0.00101859968438764	Both	M3	4.44991343391266e-05	ArteryTibial
10280	0	4	3.0309	12	8.0593	0.857502639310023	-0.000114666406026806	0.0777298885699754	-9.77094291963399e-06	0.734648586317287	-0.00260620040618639	0.912268057869142	-0.000871872290895144	Cis.Med	MO	8.43769498715119e-15	ArteryTibial
4776	0	3	3.3128	13	9.1115	1.48185371409446e-05	0.00691860860181151	0.000324487221433205	0.007505779793179	0.927103743604793	0.000379854556461058	0.0179256553310769	0.0101642541569309	Both	M3	0.000174965451078091	ArteryTibial
8927	0	2	1.2207	22	13.9192	0.467397894595146	-0.00168838585995068	0.00156923096930582	-0.000340542468701815	0.0578511048237249	0.0304940909168736	0.553940618896855	-0.00962465988671581	Cis.Med	M3	0.000884180619938224	ArteryTibial
6417	0	1	1.2405	13	8.4803	0.735476083517369	-0.000103155460963723	0.413558916787822	-3.84271782700008e-05	0.355555607255807	0.0265249331265566	0.266269095595483	0.0323355346301119	Both	MO	1.90341146961703e-05	ArteryTibial
2224	0	0	0	18	9.3477	0.0010827014538254	0.694436408211773	0.00271556076692755	0.896194015611477	0.153868217418648	0.655310328145636	0.0351614938179411	0.99047158645673	Both	M3	0.00258631905953632	ArteryTibial
3221	0	0	0	14	9.3493	0.512370364478364	-2.45258736129472e-05	0.980971624113638	-0.000544706304600674	0.612427458063522	-0.0334305128757709	0.68734559174464	-0.0268336741109931	Both	M3	7.20012920794044e-05	ArteryTibial
3750	0	0	0	11	5.6267	3.08954302881398e-06	0.516771855786292	9.55179722791725e-06	0.535897315698784	2.00442833392896e-07	0.529230304420524	2.22993335728592e-07	0.533284875980619	Both	M3	7.1169601651988e-06	ArteryTibial
5649	0	1	1.2405	11	7.153	0.143331674501853	-0.00153426550148095	0.0495369633899882	-0.00106987244508917	0.518281879786815	0.0619093371833789	0.899751474737007	-0.0123543660182589	Both	MO	0.0014914371835304	ArteryTibial
4874	0	0	0	22	11.9335	0.202635849925454	1.68425586280662e-06	0.674511981828665	-4.55815035071922e-06	0.630917237521429	0.000512132082778581	0.801891838418146	0.000267977583042824	Both	M3	0.00107257490710788	ArteryTibial
1665	0	2	1.7287	27	15.4331	0.0396860137440076	0.194933123262787	0.00419414999710777	0.153750797077648	0.0331602451615056	0.289974000087442	0.112595645780578	0.218730344442019	Both	M3	0.00303501103489445	ArteryTibial
8667	0	2	1.8508	9	5.8732	0.924122987698598	1.02681491094881e-06	0.988405499420815	6.39721569695073e-06	0.630593466649041	-0.00186326508676333	0.0890977031980048	-0.0067087864755433	Trans.Med	MO	0.486700840863145	ArteryTibial
6814	0	1	0.857	9	6.6175	0.960144262408515	-3.66367442736625e-06	0.574406291404477	2.90777171548884e-07	0.454399804036817	0.000887396757303481	0.639636832078956	-0.000569576858024122	Both	MO	0.000341273641343065	ArteryTibial
4633	0	2	1.2956	14	8.443	0.0669952563016202	-0.00218268141314623	0.00794642650071736	-0.00128465971196748	0.903895086821731	0.00346618160221423	0.894397424598043	-0.00387183489628865	Both	MO	0.00265908538277859	ArteryTibial
7304	0	2	0.5382	22	11.2619	0.950634365293375	1.17245186095799e-08	0.92683279768425	-7.64608658839462e-09	0.0199568296732113	0.000188658192541504	0.0663156886345989	0.000152717464498089	Trans.Med	MO	0.979007056554969	ArteryTibial
2790	0	2	0.6595	22	10.3473	0.10438543155937	0.0461609208278335	0.000667368353515504	0.0243998367539675	0.971481041994465	-0.010969054824987	0.0726300398447252	-0.563656331066445	Both	M3	0.00200878607332911	ArteryTibial
8266	0	2	2.426	13	8.1894	0.0264222215285473	-0.000176269777870496	0.0167762194279402	-0.000151857385937175	0.832903228288094	-0.000625615160169723	0.0416581701949273	-0.00615263425407509	Cis.Med	MO	0.000590799795290087	ArteryTibial
623	0	2	1.7107	25	14.7782	0.016184861278886	-0.0782819895246048	0.0133263189009301	-0.0759135411834132	0.0336784815695165	-0.133839233931645	0.00116974060246929	-0.208016692985968	Both	M3	0.00124600618251325	ArteryTibial
7985	0	3	2.8549	21	13.4188	0.130374354391087	-5.54231818317453e-05	0.0216450810668004	-3.1635620210564e-05	0.866010009260254	-0.00286803437651649	0.212199398629699	0.0215363411870047	Cis.Med	MO	4.11139386979897e-08	ArteryTibial
5159	0	1	0.6104	24	14.3423	0.727949019886576	-0.00572577659302282	0.00112754497486069	-0.000577950930777877	0.0542832668640421	-0.00708866925291371	0.00299712013736096	-0.0110814760516538	Both	M3	0.000504749441807339	ArteryTibial
340	0	0	0	10	5.618	1.32659072618605e-12	0.774055866531338	3.92376219099039e-09	0.940349591784456	0.000305264335099239	0.65449324910253	0.0421691100864177	0.368942861835352	Both	M3	1.15430776048697e-10	ArteryTibial
8041	0	0	0	17	8.4882	0.0893152324254291	-0.0043020777202433	0.00462458740204106	-0.00240857957227523	0.518910972466508	0.026191063980468	0.372050753554489	0.0369960512536426	Cis.Med	MO	0.000788409600910089	ArteryTibial
6684	0	2	1.7891	35	19.1417	0.636959518142996	-3.35618413112639	0.0049856806613314	0.577449625530637	4.99229429430397e-11	-3.17650549023028	7.14219273180271e-12	-3.63180971251521	Trans.Med	MO	0.00652828803068028	MuscleSkeletal
6450	0	1	0.8847	26	16.4569	0.00541468806999343	57.2666657811854	0.00361828586907946	46.3104202914508	0	57.2711073109287	3.72880343903001e-61	57.271037793407	Both	MO	0.00257660052759467	MuscleSkeletal
843	0	2	4.0968	28	17.1657	5.04828656399296e-06	0.0158002871815451	0.000673413122186149	0.0169385728199292	1.69761879497682e-117	0.01571983405845	3.14202033770996e-69	0.0167952097876401	Both	M3	0.000198354925840194	MuscleSkeletal
3848	0	3	2.9317	15	11.0884	0.331255703922457	0.00135109847517828	0.0760689156492349	0.000673161987456562	0.987686937617717	-0.000750822958810799	0.428599278916863	0.0372916318322152	Both	M3	7.32465310626651e-08	MuscleSkeletal
7350	0	5	3.9804	33	15.6455	0.073949461877889	0.0176373715648999	6.03824217953376e-06	0.00531104133414209	0.688280652476478	0.117619761666943	0.292990017769703	-0.311488463526711	Cis.Med	MO	4.75966954738283e-09	MuscleSkeletal
1215	0	0	0	24	13.3821	0.00382626940115876	-0.0271220821573678	0.00107181528543215	-0.0235630289817568	0.739284936349636	-0.0175165380282647	0.595278071110415	-0.02740520096173	Both	M3	0.00223314892115556	MuscleSkeletal
9175	0	4	1.5715	20	9.1366	0.604133175206338	0.000162989812561718	0.671828237624725	-0.000158159806649106	0.396188693793995	-0.0169746476082725	0.187938486965532	0.0257857121420813	Cis.Med	M3	0.00267251121071044	MuscleSkeletal
6115	0	1	1.2385	21	12.476	0.0884643593050489	-0.00112180006423064	0.000844906216709912	-0.000455467600937161	0.242030509633609	0.0309614955749409	0.264250823234068	-0.0290112911671804	Both	M3	1.35447209004269e-14	MuscleSkeletal
6675	0	5	3.9046	35	19.0893	0.029266263297823	-0.232767281738056	9.55815775396508e-05	-0.120722576172405	9.5951945608755e-271	-0.230740476118542	9.55091499998914e-131	-0.23138958142041	Both	MO	5.35120088220875e-05	MuscleSkeletal
7885	0	3	2.1357	19	10.6624	0.425633982282324	9.73416778549892e-06	0.94568210534606	-9.70694214115737e-05	0.690094779240667	0.00298342358787039	0.436898924201121	0.00572004769846479	Cis.Med	MO	9.22073474662888e-06	MuscleSkeletal
4537	0	1	0.6377	34	18.3216	0.741597745486058	-0.820263364088624	0.00166617941812194	-0.0891135666774035	5.19394502308438e-24	-0.870109463170912	2.07144120688622e-25	-0.934746342159304	Both	M3	0.00149851933655376	MuscleSkeletal
7538	0	5	4.822	32	18.3211	0.0725546703006011	3.35794007615204	0.00501107379024495	1.80208949793949	1.49187800051107e-289	3.36539366484174	1.37777771414503e-73	3.35448944925081	Cis.Med	M3	0.00341438966974983	MuscleSkeletal
9315	0	1	0.9754	22	11.6005	0.460692650090749	-1.95677926670387e-05	0.287033930706537	-1.10485977146998e-05	0.825177827742419	-0.00189657418270001	0.807108971078057	-0.00203389930498497	Trans.Med	MO	0.617744989581504	MuscleSkeletal
5378	0	3	2.5813	31	15.1546	0.0154475668958946	0.00416341198150766	0.0035885590321894	0.00306569655637737	0.35705974974701	0.00609282525010663	0.412148139046154	0.00534438301563523	Both	MO	0.00382135457580635	MuscleSkeletal
943	0	0	0	31	17.2087	0.455955193265241	-0.225427402645883	0.00271817318987603	-0.0544009147057638	0.00105586373575158	-0.277658540956113	0.00670003046191988	-0.227122827949453	Both	M3	0.00406586222874172	MuscleSkeletal
4283	0	3	2.4479	18	10.5812	0.390656858240303	1.77221918967383e-05	0.499417748688116	1.96833490653341e-05	0.769739967803245	-0.00223236518080755	0.861294370788517	0.00129105955667963	Both	M3	3.01710757630858e-05	MuscleSkeletal
7626	0	5	2.6876	25	13.1573	0.0211786222673508	0.00700847716552874	3.87913772656295e-06	-0.00276639763399814	0.726884763054705	-0.0205468934945307	0.241808932015401	-0.0696915947766939	Cis.Med	MO	2.76277648336709e-06	MuscleSkeletal
5960	0	2	1.8962	24	14.2743	0.0315196094732096	0.242586940699895	0.0207550267835648	0.233134139960723	0.0725445554592215	0.288259109588667	0.0738180103813939	0.281203239451782	Both	M3	0.000556412714347587	MuscleSkeletal
2140	0	1	1.0426	20	10.5503	0.604581167453733	3.67284503476775e-06	0.759524492348783	5.2351443180017e-06	0.571333423391595	-0.000440761243801016	0.365409892912373	0.000693679504231122	Trans.Med	MO	0.077572215245264	MuscleSkeletal
5655	0	0	0	17	14.6641	0.435947786945816	0.00105006514414411	0.102113298519852	0.000427419702941991	0.431429275860492	-0.0674541824417865	0.737559044680085	0.0278043819140709	Both	M3	0.00410322577305933	MuscleSkeletal
575	0	0	0	25	12.832	0.305874258224244	-0.101908609386488	4.47497719814154e-05	-0.025947870749321	0.0693112353829066	-0.349039676907481	0.0388903311782343	-0.40444437560907	Both	M3	0.00294883058522055	MuscleSkeletal
4342	0	5	6.6782	28	18.0364	0.0722897972109394	0.00329060520736164	0.00165703744453034	0.00167334667052475	0.0183356255534137	-0.109117963266728	0.443631907871797	-0.0348490848371369	Both	M3	0.0032226030046052	MuscleSkeletal
2982	0	2	1.829	23	10.9947	0.0827302281797014	0.000152749722130287	0.00125317708950763	6.8496582394326e-05	0.148828043041663	-0.0137514997309072	0.434820141472337	0.00734274007978312	Both	M3	0.000226368205318295	MuscleSkeletal
8046	0	4	2.8684	25	13.2956	0.780418724931559	-7.01122347354497	0.181373503244987	-1.15123059084077	1.52101222507876e-91	-6.8792477540834	7.22513257663195e-14	-6.75303842123244	Cis.Med	MO	4.14528243131151e-06	MuscleSkeletal
8634	0	1	0.8847	23	13.129	0.296013076724071	-4.81280771922556e-05	0.0299482791467949	-2.07596784034606e-05	0.672864646011801	-0.000476174547642761	0.982322736512895	2.44382566692103e-05	Cis.Med	MO	0.00179835925916993	MuscleSkeletal
9885	0	3	2.4372	24	15.0025	0.178274744519434	-0.00923807606930148	3.98405820398911e-17	-0.000846426294943051	0.0712345036669374	-0.812144467474792	0.392078127492499	-0.377260320750364	Trans.Med	MO	0.0526158431676254	MuscleSkeletal
4058	0	0	0	21	7.3186	0.558961232338632	-0.000428377442142532	0.0393338116840289	-0.000132508870060813	0.705881945628941	-0.0158964938924406	0.88589319555382	0.0059127957375647	Both	M3	0.0014598881047414	MuscleSkeletal
5911	0	3	2.4978	15	10.3022	0.963728249565382	-0.000203909328878614	0.285403027367725	-7.09631522884669e-06	0.0775983311664171	-0.0156298136619034	0.708287466181003	0.00320004990124658	Trans.Med	M3	0.0157903715752572	MuscleSkeletal
7541	0	5	2.6312	33	18.2175	0.286476217440574	-0.00489289448693291	0.0110514049691758	0.00176782791115077	0.362622467386955	-0.118786127016292	0.165559038466189	-0.183958963047019	Both	MO	0.00196032365805188	MuscleSkeletal
144	0	2	1.3615	24	13.6311	0.0343318128691797	0.405952889427266	0.000131538727614245	0.228598044819035	2.59734273099702e-09	0.583476176171299	2.0072921920731e-08	0.54503999648845	Both	M3	0.000227905703087838	MuscleSkeletal
3837	0	0	0	19	9.2729	0.341654277310363	-4.00857459857623e-05	0.298473609526841	-3.54095466052962e-05	0.682876974619397	-0.00595720483364862	0.820700416624889	-0.00321465362703995	Trans.Med	M3	0.277646009746354	MuscleSkeletal
9583	0	4	5.129	33	20.387	0.831223869658639	-0.00318803981496938	0.076610212067657	0.000236748492502238	0.153401785490951	-0.173527558755245	0.50082918668934	0.0810884911197125	Cis.Med	MO	0.00169825514613442	MuscleSkeletal
785	0	1	0.6377	28	15.4463	0.47062820226444	-0.00852802519736575	0.00105471906779814	-0.00166139348975195	0.912395089885479	-0.00133143969913379	0.185512479984324	-0.0158451878118585	Both	M3	0.00420214263290619	MuscleSkeletal
8669	0	2	0.5558	38	21.8742	0.106706688186372	0.00419689430846752	8.42381847941268e-07	0.00142153897695872	0.00754336597362804	-0.0646835109342351	0.421851721306078	-0.0190104223490837	Cis.Med	M3	0.000382722434673521	MuscleSkeletal
3444	0	6	5.1206	28	16.9492	0.321585194355743	0.00240653710792003	0.00170462741942859	0.000757379752435967	0.58988505752549	0.0370092974378472	0.864075194811636	0.0114994463269943	Both	M3	0.00245960935245493	MuscleSkeletal
8502	0	1	1.0426	26	14.2875	0.225864569206512	-0.136100053008777	0.00788263760038143	-0.0634374668932326	0.683060501509978	0.052129265109209	0.914158030765173	0.0134985720635807	Cis.Med	MO	0.00324412942843488	MuscleSkeletal
99	0	1	1.2385	13	8.3596	0.000533099160010335	-0.153933894025769	0.000860579248786739	-0.157678815323235	1.2453760229905e-05	-0.136704458283111	1.28411624663762e-09	-0.193503820825155	Both	M3	0.000242608203998351	MuscleSkeletal
3332	0	4	3.7059	26	15.5247	0.0290454453131277	-0.0333206956474805	0.00450999179244439	-0.0218569022030224	0.062693771293144	-0.0422628625981557	0.521902529607935	-0.0146809519653321	Cis.Med	M3	0.00388925757505687	MuscleSkeletal
4602	0	2	0.3264	32	11.5016	0.0318398647276577	-0.0129597115597214	0.00202572442263019	-0.00884136444920362	0.561794610697738	0.223499937784529	0.876706287100477	-0.0588675705088149	Both	MO	0.0034330203022177	MuscleSkeletal
603	0	0	0	23	13.6314	0.00694034264946045	464.052482077311	0.00139092996462744	368.998377677327	0	463.962336224659	1.67110228229757e-135	464.014559639197	Both	M3	0.00262818459168823	MuscleSkeletal
4046	0	0	0	26	15.5986	0.063052169724664	3.94662494682081	0.00342691066828477	2.43839912771425	2.72923448508668e-14	3.37812499656896	3.7128407868159e-17	4.34578108472655	Both	M3	0.00268048772110041	MuscleSkeletal
6965	0	3	2.1356	14	8.4739	0.0833935068222957	0.000120530110151139	0.0556542045063501	9.90968873979495e-05	0.461748262043099	-0.0230912823363853	0.634252813297143	-0.014459941495012	Both	MO	0.00385513658300263	MuscleSkeletal
9001	0	0	0	14	4.4705	0.756982362531386	-1.13434430332013e-05	0.390230746927423	3.82951668880802e-06	0.379511701987455	0.000604147818841937	0.67538424867198	-0.000287520788587908	Trans.Med	MO	0.254195795325863	MuscleSkeletal
2017	0	3	0.9721	32	13.6815	0.0948477972373046	-0.00161221123581392	0.000146536946854407	-0.000638898594422147	0.3219799469378	0.0633470132557012	0.791668244588124	-0.0172165729634725	Both	M3	2.8438345012205e-07	MuscleSkeletal
8820	0	2	0.9839	32	15.1033	0.892070424195225	1.21604308589992e-05	0.875361673428944	-8.29101306256244e-06	0.313398743896868	-0.00958252594545686	0.727213621965919	-0.00324838014349287	Cis.Med	M3	0.00370990803829208	MuscleSkeletal
3509	0	1	0.8847	33	22.3083	0.22863883731696	0.357211939938615	0.00341109514439873	0.140005260389922	1.97557557828613e-05	0.944928910002363	0.408144845474155	0.178537582632665	Both	M3	0.00302411946571834	MuscleSkeletal
5544	0	2	1.7417	29	18.7183	0.0598266257108895	-0.00287290309166464	0.000915038417807756	-0.00156704224492715	0.377173864443067	0.0152726678944872	0.161152138433928	-0.023574456874005	Both	MO	0.000603689157845588	MuscleSkeletal
4933	0	4	2.6924	35	19.0718	0.0140442670446403	0.338705381774302	0.00520612413408047	0.321106946317733	0.0545607722400934	0.378002069171468	0.179138369667153	0.261615731045519	Both	M3	0.00420933187167494	MuscleSkeletal
6047	0	7	6.6825	28	18.5692	0.0345983201860878	0.869267196846135	0.000404187750509611	0.474466349776724	2.01757585510587e-82	0.84415050755869	1.65565556979671e-45	0.86275462859048	Both	MO	0.000387748651542896	MuscleSkeletal
9804	0	2	1.0073	26	9.3106	0.44466575634346	-0.00109264622533432	0.0920810455070579	0.000391819005042434	0.0550829462305178	-0.126164675782416	0.668972456553114	-0.0275774739270752	Cis.Med	MO	0.000186612434490696	MuscleSkeletal
4644	0	2	1.2499	13	6.632	0.871251332438089	-0.000100249400026972	0.640548628444703	3.01425210230795e-05	0.221213419925281	-0.0151528294736026	0.399813170312065	0.0104468575558822	Both	M3	0.00336094314771018	SkinSunExposed
6303	0	0	0	13	6.4637	0.0691999808560591	0.0338512857165644	0.00215322429375157	0.0185575830020411	0.369185452355202	0.0767098572504875	0.15777629753368	0.122252695132421	Both	M3	0.00204765335927015	SkinSunExposed
9697	0	1	0.8562	17	9.5948	0.0985764001210359	-0.0017931604696482	0.00872316254709485	-0.000903151072757979	0.83461227348392	0.00627637694867678	0.768057174900256	-0.00899727654621387	Both	M3	2.14464002112891e-11	SkinSunExposed
5122	0	0	0	24	11.1743	0.000596519363703985	981.570918382154	0.00215326979990746	1110.68424072142	0	980.714128965288	4.02049935994201e-131	981.704298590229	Both	MO	0.00118419227183919	SkinSunExposed
6790	0	2	1.34	14	8.3615	0.382823206401824	0.00025127199643837	0.18747325775907	0.00014262262994522	0.387625437952685	0.0116566266027525	0.963772816167997	-0.000625876039700191	Both	M3	0.000205883612893532	SkinSunExposed
12662	0	3	1.4937	15	8.4224	0.974600128716415	0.00358266456297773	0.316209586674337	-9.83928951962578e-05	0.514200051720772	-0.0352318090840671	0.998431462925755	-0.000106910166173566	Cis.Med	MO	0.00177126648206172	SkinSunExposed
8863	0	1	0.4205	24	11.3597	0.562385976125205	-0.00071318751324178	0.0151112322701036	-0.00017599192619296	0.0769742915645038	-0.019012520086036	0.94129108824704	0.000789719595038547	Both	MO	0.000740185938417071	SkinSunExposed
8634	0	0	0	25	12.969	0.00909372707026417	0.135389352028653	0.00383902045119472	0.102046094997086	7.1476949493066e-21	0.120120578654672	1.34775313771024e-21	0.134823700613416	Both	MO	0.00230872429306217	SkinSunExposed
7497	0	2	1.1983	23	11.0367	0.146902974525307	0.000467634642891898	9.33649128190451e-05	0.000161588727057161	0.243713424890209	-0.0338776236275375	0.185932722758554	-0.0385066906698917	Both	M3	0.000133231090562846	SkinSunExposed
7151	0	3	1.9918	31	15.241	0.371547660466708	-0.00143469073304704	0.00827938708886673	-0.000475161607327485	0.543723372522861	0.0110481050771483	0.929788905294475	0.00163003555544883	Trans.Med	M3	0.00429049864990549	SkinSunExposed
11084	0	3	1.954	16	9.1454	0.364498849261807	6.9682339957091e-06	0.880084050831591	3.0228451119105e-05	0.976400528559621	-5.89552616537234e-05	0.952321080783636	0.000120664499052013	Cis.Med	MO	2.04921124513646e-09	SkinSunExposed
6697	0	2	1.7024	25	13.5678	0.0312477874914859	-0.271114888174647	0.000324568099298566	-0.162674481616691	1.2396788453274e-17	-0.265924170023466	1.08154724735784e-18	-0.300203358377312	Both	M3	0.000325756444791381	SkinSunExposed
12666	0	4	2.3276	17	8.5228	0.410215011158384	0.000427420404286371	0.0497259276305767	0.000147156654038294	0.637884814184604	-0.0135570171193539	0.574096001739602	-0.0162974214083752	Cis.Med	MO	2.15591146837113e-05	SkinSunExposed
11894	0	4	1.4657	24	10.8154	0.0178559839409858	1.13784147275158	0.00119819909026733	0.835918351643514	0	1.13100004520202	2.7834852309012e-138	1.11267677146311	Cis.Med	M3	0.000875110304795701	SkinSunExposed
9494	0	0	0	17	9.5474	0.781103933233273	-2.94697608790433e-05	0.764001446697102	-2.23644510046845e-05	0.286391654750261	0.00452937657065243	0.808993415528183	0.00104213741702342	Both	MO	0.000279304308162587	SkinSunExposed
12584	0	0	0	12	6.089	0.690669462655632	-6.26058517352444e-08	0.968721980553085	-5.49682919611842e-07	0.174266173108009	-5.50125902778694e-05	0.496519785706991	-2.7702872518255e-05	Trans.Med	MO	0.0385185644370272	SkinSunExposed
4357	0	2	1.5497	20	10.5092	0.00016074306703162	278.916701015212	0.00158120188932866	335.283381512665	0	278.968091134458	3.05636169960466e-69	278.856760771226	Both	M3	0.00110128838210666	SkinSunExposed
3383	0	0	0	17	9.5611	0.0231682687003721	13.881307496775	0.00966807155952375	11.5230447344751	0	13.8374467520451	9.60599568074087e-32	13.9421990673797	Both	M3	0.00348157627025603	SkinSunExposed
7611	0	0	0	18	7.6188	0.0854442688000742	5.55840865170188e-07	0.284905956453135	7.35163247980936e-07	0.253198577718868	-0.000327408736999143	0.784196911718491	7.87606042976564e-05	Trans.Med	MO	0.985501064595774	SkinSunExposed
2390	0	0	0	17	10.1541	0.617844965794788	-0.000136106531482557	0.286282471751405	-4.9912334778646e-05	0.0531322426226409	0.0410217805833326	0.773197126470057	0.00618358850858543	Both	M3	0.0024187118547212	SkinSunExposed
5573	0	4	3.1122	28	15.1033	0.000154856846118322	-1.09575564253427	0.00247404108435452	-1.38943979156832	5.15159568164225e-233	-1.09820386415877	7.43202965315645e-54	-1.10862170466418	Both	M3	0.00201787497591677	SkinSunExposed
1808	0	2	1.2286	17	10.4448	0.00495145021387746	0.908721870177372	0.00222918673308401	0.837536371364817	3.06368808544141e-167	0.87284944048753	3.40177631994761e-54	0.902944092518251	Both	M3	0.002571002389955	SkinSunExposed
10639	0	2	1.6266	18	10.2778	0.89945258654812	-0.000367930628033074	0.424504186303947	-4.61915306764059e-05	0.666675562623189	0.0108093857738724	0.798018934947277	0.00642130608839494	Cis.Med	MO	0.000225464745287063	SkinSunExposed
5859	0	0	0	19	8.7044	0.093573536721961	0.947923126182143	0.00176117980580869	0.549046866186479	0	0.948375400297057	2.03783519570604e-131	0.947725304577899	Both	MO	0.00184110243474289	SkinSunExposed
6556	0	1	0.6062	18	10.0433	0.966620782892657	8.7319589862433e-05	0.130068647673958	1.89552752852541e-06	0.599857941401797	0.00676416474290421	0.805229627805626	0.0031937711358778	Both	M3	0.00138750822683886	SkinSunExposed
3081	0	1	0.5522	25	13.9413	0.944430422738466	-0.00463759159205471	0.00329315740074075	-9.49315861712482e-05	0.547625222101224	0.0107469315335104	0.142775965317848	0.0261110329841541	Both	M3	0.00249929443811303	SkinSunExposed
7180	0	1	0.522	11	6.3295	0.950047646054219	-0.00162601373799024	0.63013420911997	-0.000190891393874172	0.52556859004197	0.0805682289062834	0.343311216661952	0.120341350072936	Both	M3	0.00343931056684377	SkinSunExposed
12104	0	2	1.34	21	11.2026	0.427478439423588	7.64643232174869e-05	0.301511523768642	4.7308506466275e-05	0.525311939824451	0.00275009853613198	0.128820744487159	-0.00663389249116394	Cis.Med	MO	0.00358161344132046	SkinSunExposed
11689	0	3	2.2056	27	13.9055	0.531562062943822	-0.000468719396264086	0.00614314113712063	9.55643368989417e-05	0.280796783830717	0.0119052266630844	0.0133582691060066	0.0275135207158144	Cis.Med	MO	0.0014153228589191	SkinSunExposed
4469	0	0	0	9	5.2681	0.0398740048102008	-0.142717290764524	0.00281329588950975	-0.0958648121049144	0.847958382235816	0.0463780000417354	0.931791801624318	-0.0208020527074146	Both	M3	0.00184659733178405	SkinSunExposed
3081	0	1	0.5522	25	13.9413	0.944430422738466	-0.00463759159205471	0.00329315740074075	-9.49315861712482e-05	0.547625222101224	0.0107469315335104	0.142775965317848	0.0261110329841541	Both	M3	0.00249929443811303	SkinSunExposed
9697	0	1	0.8562	17	9.5948	0.0985764001210359	-0.0017931604696482	0.00872316254709485	-0.000903151072757979	0.83461227348392	0.00627637694867678	0.768057174900256	-0.00899727654621387	Both	M3	2.14464002112891e-11	SkinSunExposed
12072	0	0	0	16	8.1096	0.839414060050676	2.69655520044867e-05	0.589501771574295	-8.130148084012e-06	0.574279900853009	0.000614926541163595	0.981825927465213	2.48911332602555e-05	Cis.Med	MO	1.39653673070228e-08	SkinSunExposed
170	0	0	0	5	2.4527	0.107649852547143	-0.303108698617128	0.020675221651826	-0.205581851471702	1.8303298200813e-17	-0.295419382192407	2.46591793368139e-20	-0.375272755851941	Both	M3	0.00360913594365941	SkinSunExposed
5189	0	0	0	15	8.1915	0.819453186460376	0.00180137179979028	0.283915762719198	0.000351457569075437	0.686765915576204	0.0339736736398465	0.590670949317159	-0.0457762427205257	Both	M3	0.00103886243632867	SkinSunExposed
1278	0	1	0.9462	21	10.7547	1.56284028974889e-06	0.0028117815262949	0.00414216382379437	0.00390238534414775	0.0120054156732321	0.00404137488290936	0.05964452261477	0.00307833824361228	Both	M3	0.0034528123860349	SkinSunExposed
4995	0	2	1.1751	17	10.0005	0.990586882065947	-0.000414045270265167	0.200498625228704	3.30349963551137e-06	0.182788955638106	0.0840754031450813	0.504098975722441	0.0425037000002975	Both	M3	1.62305946460606e-10	SkinSunExposed
3059	0	0	0	16	8.1082	0.0704042991947248	0.0580432979146864	0.00349028712256308	0.0326398399189782	0.717905084935478	0.0316986208837929	0.781702797221782	0.0248609635241258	Cis.Med	M3	0.00321284696847957	SkinSunExposed
7605	0	4	2.2591	22	11.5818	0.696981364470736	8.33027101882835	0.00124192685569894	-1.00644769686484	0	8.31669999276748	3.0392248340712e-132	8.32349136123689	Both	MO	0.000756055430082281	SkinSunExposed
1951	0	1	0.765	24	12.0843	4.68139824408403e-05	-168.37390277106	0.000313121901059012	-168.852336360464	0	-168.365538483726	8.30933104189971e-115	-168.263157150981	Both	M3	0.00250066876922372	SkinSunExposed
11705	0	1	0.522	8	4.4877	0.416953762713187	0.00163631117119778	0.446097131242818	0.00156042801158515	0.916794932490916	0.0130792707029294	0.756501074491947	-0.0390455330327064	Cis.Med	MO	0.000285418739810028	SkinSunExposed
12258	0	0	0	6	2.705	0.719652034066296	0.222176257794733	0.278776748750313	0.0703023760857836	0.00247577718211469	0.851465108281033	0.255195888947083	0.326545030141939	Cis.Med	M3	0.00271140972837425	SkinSunExposed
11304	0	2	0.1532	18	6.1702	0.896309432901161	-3.65481947175897e-05	0.276312635556083	-3.95093623753058e-06	0.433866943351283	0.0201227027339334	0.526545331187011	-0.0164611863314237	Trans.Med	MO	0.590064121054478	SkinSunExposed
4644	0	2	1.2499	13	6.632	0.871251332438089	-0.000100249400026972	0.640548628444703	3.01425210230795e-05	0.482176724160226	0.00866328528887548	0.399813170312065	0.0104468575558822	Both	M3	0.00336094314771018	SkinSunExposed
7703	0	0	0	15	7.7877	0.858380609334394	0.00677920917605334	0.131054171601397	-0.000774215145712784	0.302698708396908	0.426963040924615	0.406415797007809	0.347510706427941	Both	M3	1.34005829193207e-05	SkinSunExposed
971	0	2	1.5783	12	7.2961	0.0777697531369895	0.00518251446990844	0.0101299006574999	0.00302010101289509	0.280174206170421	0.0607496463377385	0.359483584533104	-0.0519035047773491	Both	M3	0.000176148976185564	SkinSunExposed
1707	0	2	1.4524	19	10.3922	2.51592923071894e-10	0.0556574005573723	6.62123869521452e-09	0.0520541796826886	2.1847886628159e-21	0.0576729268484292	8.14608557117414e-20	0.056869563431521	Both	M3	3.09349879046295e-09	SkinSunExposed
11615	0	1	0.0522	16	6.9694	0.0511552823675734	-31.2370619975725	0.00296631328918559	-23.0308789969002	0	-31.2180213753361	9.28890861486413e-101	-31.3645829398318	Cis.Med	MO	0.00212629587657909	SkinSunExposed
3457	0	3	2.1035	21	11.4553	0.668969849632614	0.00011533025620318	0.0555071027766109	2.47765875674049e-05	0.174932546203016	0.00449915152151288	0.674934307351207	0.00138080240773057	Both	M3	0.000267327100553105	SkinSunExposed
6608	0	3	2.1839	25	14.4419	0.0891234143054074	-0.704362173718357	0.00331497681324485	-0.396466400556226	1.57847242703845e-22	-0.734722278601514	1.28871146769846e-11	-0.561817562413129	Both	MO	0.00298945987083665	SkinSunExposed
7975	0	1	0.8699	33	16.9987	0.161973570046226	-0.000220941229695736	0.00788574624188165	-9.50671676125653e-05	0.804863957840706	-0.00279804464192602	0.586430614462503	-0.00587778580674058	Cis.Med	MO	0.00443365180500477	WholeBlood
2662	0	1	0.9147	24	13.358	0.00058237514464956	0.00523507543404087	0.00417293785154088	0.00472778164963048	0.370722004597909	0.00540019159941461	0.262069341965101	0.00674900147517391	Trans.Med	MO	0.0724288366952504	WholeBlood
3409	0	6	4.6575	28	16.719	0.958887705666525	0.00477427264104106	0.00697268070675368	-7.02684046816743e-05	0.738239738374429	-0.0217435643803878	0.850299840071586	-0.0122777651626614	Both	M3	8.93049234562682e-09	WholeBlood
3833	0	1	0.7277	24	13.2894	0.127357979371606	0.289985533998423	0.00703854706305293	0.137837399533377	0.0319146987966682	0.88175639853491	0.00394765898365704	1.18710980853371	Both	M3	0.00608573271701252	WholeBlood
3541	0	1	0.8699	25	13.9607	0.045553424714518	-0.000736105309004543	0.00760476975319082	-0.000425159356450109	0.729050871383979	0.00582129427234957	0.00494445139757883	-0.0476082844763561	Both	MO	0.00499725816821672	WholeBlood
2547	0	2	1.1312	33	16.3891	0.980445296775508	0.0297619824349852	0.0774701432116951	0.000344536998267621	1.33864156803945e-39	0.033968041903099	8.64918390768363e-19	0.0308867851228833	Cis.Med	MO	0.00438630528221595	WholeBlood
210	0	3	2.1621	34	18.4034	0.0830451126828863	1.09726505465168	2.83680972947075e-08	0.302143768651528	0	1.11209600453235	4.06171709991769e-178	1.09586349176171	Both	M3	0.00218716323757984	WholeBlood
2697	0	3	0.6548	32	12.0485	0.395896516806824	-0.254833855094102	0.00786819981657523	-0.0781248279503842	2.2860127305554e-213	-0.254702928969894	3.96187960878758e-84	-0.252078870489117	Both	MO	0.000344887273890704	WholeBlood
6715	0	2	0.7418	19	7.0738	0.825367242765165	9.67024198134424e-07	0.629747913376632	4.05570958765484e-07	0.975565268057606	-8.59902493795374e-06	0.913542538307999	-3.08335678630499e-05	Trans.Med	MO	0.0307736453707892	WholeBlood
825	0	2	1.4575	29	14.4965	0.225838878050071	-0.00030628869257694	0.00654396053007518	-0.000121454011437127	0.714389001558563	0.000815576766052493	0.422223163160749	-0.00179264857136491	Both	M3	3.51651088843496e-05	WholeBlood
1851	0	3	2.3122	25	15.5712	0.0700276234165713	0.0139087884112777	0.00431676605868033	0.0084132838788524	0.541178711001103	0.106730887018315	0.867741179561219	0.0294602228258541	Both	M3	0.00489462199320023	WholeBlood
1963	0	0	0	17	6.0769	0.950137410373665	1.17219476477231e-05	0.592535940157517	1.34429331974718e-06	0.856998848873709	-0.00281264617924147	0.289012164429807	-0.0166448403832623	Trans.Med	MO	0.0151052364487168	WholeBlood
2914	0	1	0.6336	25	13.4754	0.830153819445277	-5.17801148830855e-05	0.0104385221223218	-3.59945122073915e-06	0.672514219744104	-0.000366790661844408	0.306160216687936	0.000893516945904559	Both	MO	0.00179240442431006	WholeBlood
701	0	2	1.7846	25	14.9961	0.304341221101141	0.0253255077251433	0.00400429190652558	0.00934707014605514	1.1813698290202e-37	0.0291046770231555	6.71637431884248e-31	0.0298471929450903	Both	M3	0.00262630266305486	WholeBlood
2117	0	0	0	19	9.9162	0.343176701568953	0.000176490972378327	0.158930192587002	9.92842964638694e-05	0.126404913123277	0.00970410553987723	0.873963176220259	-0.00101650629949957	Both	M3	0.00195307579981319	WholeBlood
4619	0	0	0	27	12.5504	0.289764151836253	-0.00906817519905449	0.0211177005021207	-0.00463684396343239	0.839155264867829	0.157151099298718	0.0950198686258583	1.30482703707509	Trans.Med	M3	0.00695746189557855	WholeBlood
3225	0	3	2.2844	28	15.2779	0.0488365421640185	-0.147273118336103	0.00143825933092618	-0.0991601620356709	0.000415904349578089	-0.168112592299212	0.0114077705518771	-0.120826577874925	Both	M3	0.00115215629208243	WholeBlood
6573	0	3	2.3475	37	18.8031	0.0533942954620313	-3.27512152442575	0.00109468738392256	-1.84106673733729	2.07716214136687e-34	-2.81812012941571	1.39680070889993e-26	-3.16512088384321	Both	MO	0.000386046974173659	WholeBlood
6320	0	6	4.4641	30	17.0125	0.068706064984636	0.0234636897163742	0.639543007606366	-0.0817973472202735	0.0327457322128636	0.0137420120375081	0.000545379318882233	0.028250678516836	Trans.Med	MO	0.037702195002189	WholeBlood
4455	0	4	3.1109	33	16.0259	0.182127775226156	-8.1661133681284	0.000735697882609257	-2.66973794231997	0	-8.17986570973539	2.9139090199892e-122	-8.15124056627358	Both	M3	0.000113812318643269	WholeBlood
6756	0	3	1.6885	22	11.0538	0.511174363810842	-0.000137269278728108	0.373586008509912	-8.60773050091703e-05	0.990884285454548	0.000101364449414166	0.337989345817847	-0.00856594519324313	Both	MO	0.000638968395227257	WholeBlood
7765	0	3	0.1768	20	4.9312	0.80729840597148	-9.53366592525115e-09	0.908594353345859	-2.33036928648823e-08	0.668452006156465	6.03246329355801e-05	0.803084447347318	-3.57763801827813e-05	Trans.Med	MO	0.801905666134165	WholeBlood
1175	0	3	2.1987	39	20.8299	0.0513363377426815	-0.422189633437102	0.00676910107054454	-0.285171235561773	7.54531542541793e-124	-0.407930396365025	1.17415890474761e-42	-0.401776154509999	Both	M3	0.00627851263868617	WholeBlood
383	0	0	0	24	14.7875	0.0797869302242639	-34.6259725824716	0.0026566785132967	-16.8060910980396	0	-34.9379546602468	8.79872838830248e-70	-34.6698978821653	Both	M3	0.000704136647031728	WholeBlood
2801	0	2	1.5483	33	15.695	7.51031681415048e-05	-13.1677786957496	0.000342438525351837	-12.569106095252	0	-13.205522070391	1.14390217285512e-87	-13.1898530111271	Both	M3	0.000262052898662768	WholeBlood
1857	0	2	1.622	25	15.2027	0.783419478416482	-0.0337741527532048	0.000960654716192962	-0.00229726515741354	0.00331903326070324	-0.0316058946637374	0.000386766197650319	-0.0385859262602171	Both	M3	0.00105871242221967	WholeBlood
2095	0	3	2.0829	18	11.1435	0.490419556498321	0.0058852148779372	0.00359758037258795	0.00133254992537057	0.651829027415795	0.0701843397369856	0.687179235597399	-0.0631418938384758	Both	M3	0.000267381045288007	WholeBlood
1930	0	2	1.1312	31	14.5522	0.40161712108302	0.21307402463105	0.0581275472516795	0.0858236702737816	0	0.213384777072504	2.97470157875443e-122	0.212902809875742	Trans.Med	MO	0.00856659894265221	WholeBlood
2147	0	2	1.6534	23	12.2384	0.0659506597388841	0.00102877183200781	0.0147380766618716	0.000719209036413682	0.883820886979428	0.000340353925794478	0.747544351496988	0.000758866268748812	Both	MO	0.00502249121189702	WholeBlood
5274	0	1	0.1693	25	10.2086	0.239025815277601	-0.00021347793270403	0.202253365259229	0.000179076986392329	0.157653994663064	0.0759050232579751	0.134460300637188	-0.0806033736208754	Both	M3	7.15420538279776e-05	WholeBlood
7102	0	1	0.7051	24	13.5187	0.551472418729728	-0.000456420221265655	0.102458780277417	-0.00015086146029324	0.632682885621159	-0.0238984736813369	0.837316465990869	0.0103095962226121	Both	M3	0.00210661218757946	WholeBlood
254	0	1	0.9147	34	16.741	0.0642499208655773	1.18249695219339	0.00598065837896271	0.650642781307785	0	1.18141631644241	1.15370365493474e-74	1.18117802313735	Both	M3	0.0054131407465503	WholeBlood
6896	0	5	2.6536	39	20.4015	0.947452288543116	-0.0181961565861326	0.0123013895957971	0.000485524628202832	0.313250885295673	-0.294495241341939	0.380529182456282	-0.245485147502148	Both	MO	0.00226808884538432	WholeBlood
5048	0	2	1.4409	22	11.0735	0.0171496064639616	0.616022218745053	0.00268769699977869	0.417568301002076	9.64494835783663e-05	0.632712623630097	0.000931552810069681	0.51657824181233	Both	M3	0.0003711106974853	WholeBlood
5033	0	2	0.9053	24	11.451	0.0877948451789966	0.00279347844207717	0.0104013539817956	0.00162003728950455	0.349615273804667	-0.052689689827018	0.342878670727189	0.0544658473762746	Both	M3	0.00368662434000533	WholeBlood
7102	0	1	0.7051	24	13.5187	0.551472418729728	-0.000456420221265655	0.102458780277417	-0.00015086146029324	0.632682885621159	-0.0238984736813369	0.837316465990869	0.0103095962226121	Both	M3	0.00210661218757946	WholeBlood
1702	0	5	2.1288	31	15.4321	0.734069512453549	0.0165320608853392	2.63271049895012e-05	-0.0018562267909849	0.141975438772118	-0.421254705613965	0.466862672457268	0.212392916223345	Both	M3	0.00615481553701969	WholeBlood
5284	0	0	0	25	12.2085	0.25050952602479	-0.0176720271048073	0.0236264216922069	-0.00831835382331692	0.475342830033639	-0.0328346385908085	0.100690786209961	0.0756202171288	Cis.Med	M3	0.00465828546054325	WholeBlood
6784	0	1	0.658	34	17.9796	0.00726700929681601	84.6165636519754	0.0037927608559888	69.7694489434108	0	84.437804330125	5.59484455833011e-92	84.5552675975914	Cis.Med	MO	0.00512887331119116	WholeBlood
6458	0	0	0	34	14.5638	0.726659260686997	8.19119486871929e-06	0.891733418410807	1.92514606478851e-05	0.143083615973235	0.00414226597074993	0.413867143475229	-0.00225331985243482	Trans.Med	MO	0.717088699951027	WholeBlood
3952	0	0	0	27	13.9156	0.0481005537020124	-1.00938618818527	0.000856260279702903	-0.580339971366152	0	-1.00539010641032	2.50154315439762e-100	-1.01086747706276	Both	MO	0.00415535654443699	WholeBlood
6125	0	4	3.3641	30	17.2483	0.164334938388787	0.00471998968523116	0.000190802767671291	0.00156106574645339	0.7321844510752	0.0378371635135196	0.626296564914115	-0.0537987553759977	Both	MO	0.000245403697191726	WholeBlood
1131	0	3	0.1517	23	11.8502	0.116418805485864	0.0189768174302973	0.141640065692737	0.0132072445479391	0.0391730856697288	0.0149991005918817	0.258066443746849	0.00831364133155974	Both	M3	0.00173776069855913	WholeBlood
4338	0	5	2.435	26	13.9602	0.669836373781683	2.0741321828397e-05	0.166431109721731	4.83467200922508e-06	0.740728626642085	-0.00025560510452343	0.759278877453501	-0.000235651581275304	Cis.Med	MO	0.000521028965842385	WholeBlood
2031	0	1	0.7412	32	16.7662	0.452403319870025	-0.557910133592241	0.000708103280421858	-0.119490325198775	4.48626235813788e-07	-0.635181328715695	6.48504408330423e-05	-0.505082351233924	Both	M3	0.000782109346479265	WholeBlood
5576	0	5	3.5674	39	21.1066	0.314139449204998	-6.31318230299122e-05	0.000946918250831598	-2.05335088533467e-05	0.997586415782888	-9.18468861414654e-06	0.972475002060321	-0.000105416502459755	Both	M3	0.00049378611655948	WholeBlood
46	0	1	0.9069	24	13.1498	0.11619584696676	-0.00229613714202792	0.00300045821604509	-0.00115835515798956	0.9611251256209	-0.00294319178883716	0.406467639453248	-0.0482331600515251	Both	MO	0.0026841905631676	WholeBlood
356	0	0	0	29	12.2362	0.00657066768757867	-0.767533816448714	0.00259228733474366	-0.621525567402491	0	-0.764218538747047	2.20419136479948e-127	-0.769760258134958	Both	M3	0.00219083521529662	WholeBlood
1043	0	5	2.1676	25	10.534	0.397611932552675	0.000720060821397152	0.542031171657338	0.000926446870774272	0.108303341651278	0.0905506124146474	0.0875860819781486	0.0969465395668324	Trans.Med	M3	0.144637211968639	WholeBlood
5274	0	1	0.1693	25	10.2086	0.239025815277601	-0.00021347793270403	0.202253365259229	0.000179076986392329	0.157653994663064	0.0759050232579751	0.134460300637188	-0.0806033736208754	Both	M3	7.15420538279776e-05	WholeBlood
